# Number of parameters = 1366 Objective function value = 261.911639413725  Maximum gradient component = 652.290192018558
# log_avgrec:
9.82718586900
# log_avginit:
4.81596816562
# log_avg_F:
-1.41909927136
# natmort_phi:
0.00000000000
# log_q_bts:
0.00000000000
# log_q_std_area:
-0.600000000000
# bt_slope:
0.00000000000
# log_q_ats:
-0.615556105819
# log_Rzero:
10.0729738453
# steepness:
0.622120431732
# log_q_cpue:
0.101014098871
# log_q_avo:
-8.18718947195
# log_initdevs:
 3.31652281592 2.83296403031 1.29812121611 0.470955557506 1.14533223284 0.351408701244 -0.786210570256 -1.24263300472 -1.23563593028 -1.23065542842 -1.22753485457 -1.22915700331 -1.23074374718 -1.23264040080
# log_rec_devs:
 -1.06894345638 0.121472046872 -0.209933783413 0.317833947866 0.174810220008 0.342331651342 0.236007516257 -0.252933143009 -0.455348290597 0.366147855246 0.0484022366179 -0.121293720125 -0.384487610708 -0.332270145725 0.273079116482 1.12410079117 0.385980077629 0.542733389356 -0.0156216053844 1.01398764682 -0.278934894573 0.562853257209 -0.391816655670 -0.963236106454 -1.22868839815 -0.488846632631 0.980532193425 0.353524121261 0.200944416806 0.880954877487 -0.197805740309 -0.555038577644 0.173200951615 0.472863459532 -0.243949886400 -0.160908453581 0.270453344015 0.612863456867 0.203181050170 -0.273348763961 -1.07252435134 -1.42382601938 -0.500986577625 0.279441106575 -0.353532645288 0.963330628819 0.190146984011 -0.307661074974 -0.451700646959 0.836011457587 0.973178159419 0.135970320179 -0.838104314149 -0.837872042419 -0.115963295758 1.47640659691 0.0967757957394 -0.491845213576 -0.478319038690 -0.100486926191 -0.0132910190074
# larv_rec_devs:
 0.00000000000 0.00000000000 0.00000000000 0.00000000000 0.00000000000 0.00000000000 0.00000000000 0.00000000000 0.00000000000 0.00000000000 0.00000000000
 0.00000000000 0.00000000000 0.00000000000 0.00000000000 0.00000000000 0.00000000000 0.00000000000 0.00000000000 0.00000000000 0.00000000000 0.00000000000
 0.00000000000 0.00000000000 0.00000000000 0.00000000000 0.00000000000 0.00000000000 0.00000000000 0.00000000000 0.00000000000 0.00000000000 0.00000000000
 0.00000000000 0.00000000000 0.00000000000 0.00000000000 0.00000000000 0.00000000000 0.00000000000 0.00000000000 0.00000000000 0.00000000000 0.00000000000
 0.00000000000 0.00000000000 0.00000000000 0.00000000000 0.00000000000 0.00000000000 0.00000000000 0.00000000000 0.00000000000 0.00000000000 0.00000000000
 0.00000000000 0.00000000000 0.00000000000 0.00000000000 0.00000000000 0.00000000000 0.00000000000 0.00000000000 0.00000000000 0.00000000000 0.00000000000
 0.00000000000 0.00000000000 0.00000000000 0.00000000000 0.00000000000 0.00000000000 0.00000000000 0.00000000000 0.00000000000 0.00000000000 0.00000000000
 0.00000000000 0.00000000000 0.00000000000 0.00000000000 0.00000000000 0.00000000000 0.00000000000 0.00000000000 0.00000000000 0.00000000000 0.00000000000
 0.00000000000 0.00000000000 0.00000000000 0.00000000000 0.00000000000 0.00000000000 0.00000000000 0.00000000000 0.00000000000 0.00000000000 0.00000000000
 0.00000000000 0.00000000000 0.00000000000 0.00000000000 0.00000000000 0.00000000000 0.00000000000 0.00000000000 0.00000000000 0.00000000000 0.00000000000
 0.00000000000 0.00000000000 0.00000000000 0.00000000000 0.00000000000 0.00000000000 0.00000000000 0.00000000000 0.00000000000 0.00000000000 0.00000000000
# log_F_devs:
 -0.652278640901 -0.627342962491 -0.705129270999 -0.164993274749 -0.178913884256 -0.136810321638 0.225957060796 0.572907808662 0.683721137407 0.814049909770 0.877294758294 0.684198108448 0.575222297270 0.464113574850 0.558133586230 0.609390522292 0.547252995140 0.242524635777 -0.190760398752 -0.389534518284 -0.430427356989 -0.434033983199 -0.518870488317 -0.835738339449 -0.529113873799 -0.501251475996 -0.0875973026096 0.120737738054 0.427857669875 -0.00159303863128 -0.248932033780 -0.266026616391 -0.0940711564885 -0.0626709764172 -0.242014021736 -0.476498108961 -0.380763462388 -0.243660326832 -0.0790704150818 -0.00326355595953 -0.104666610492 -0.167235863378 0.0411142085635 0.124116879155 0.234856423663 0.215775828969 0.0365117913649 0.346282007244 0.358254249867 0.310403976376 0.257031396779 0.338018510301 0.0207277246048 -0.00584404685284 -0.222922941093 -0.109985104445 0.123218172918 0.0654457226903 -0.285100543796 -0.301309216216 -0.196694563994
# sigr:
1.00000000000
# sel_devs_fsh:
 0.0525415518068 0.0925005936949 0.143079909026 -0.0413945447591 -0.0416254521850 -0.0558879635729 -0.0478707655824 -0.0386513088356 -0.0277489120262 -0.0181384451479 -0.0108562970559 -0.00593521924383
 0.0598558623072 0.0997329252520 0.242904264214 -0.132230788053 -0.0948682550628 -0.0735053153335 -0.0521641966495 -0.0325245450407 -0.0194909789704 -0.00812132759912 0.00141088533283 0.00900049546969
 0.124670140125 0.0998356738668 0.00628254490358 -0.00628622134729 -0.0472445275605 -0.0513611724795 -0.0483765769579 -0.0374915785781 -0.0241143682024 -0.0118201890286 -0.00395802198447 -0.000126656076247
 0.131801153485 0.0666770452442 0.156679781041 -0.105680488858 -0.101901390907 -0.0924684247793 -0.0789845044908 -0.0231176734264 -0.00453771642142 0.0105773493125 0.0176711992876 0.0232879423701
 0.187811070825 0.136802942780 -0.0324761848018 -0.252396799744 -0.122933279006 -0.107569313649 -0.0495324891840 0.0101280321176 0.0370733345891 0.0529799317705 0.0599769757599 0.0801343609558
 0.0103826831181 0.0287674836818 -0.0801590544459 -0.0491450886686 -0.00140927210395 -0.0145178281440 -0.0491415514203 0.00650527965553 0.0278137911201 0.0331045648839 0.0376598567221 0.0501515412108
 -0.232712710059 0.197861260870 0.116696565914 0.0803758169170 -0.0210122269497 -0.00761673425456 -0.0171999038273 -0.0308606323353 -0.0138865308381 -0.0162220755515 -0.0226427774079 -0.0327806071697
 -0.253212409266 0.107711499212 0.0696066026195 0.0501724003445 0.0392784198053 0.0488916189667 0.0286193869777 2.65380805606e-05 -0.0103030034192 -0.0174770390009 -0.0255678391458 -0.0377465426491
 -0.210724683825 0.145976724474 0.181096410912 0.0373662860739 0.00774283202561 -0.00342251783219 -0.00276109497646 -0.0281029348576 -0.0211638350943 -0.0250121497897 -0.0324900250266 -0.0485052616239
 -0.193841611544 -0.174948823841 0.130674109768 0.0807692980698 0.0443163168576 0.0369574641676 0.0348986922070 -0.00331108425378 0.00567830883410 0.0129653601831 0.0128458789182 0.0129965809353
 -0.192480001850 -0.0721687561900 -0.0840465115326 0.0901247701961 0.0755179626988 0.0630723370398 0.0563313219075 0.0154965032741 0.0118863158140 0.0131472770497 0.0124237437672 0.0107008620847
 -0.182682797994 0.0178818310752 -0.132280723645 -0.0528108816504 0.0576611674511 0.0618920089860 0.0606789814347 0.0358305002223 0.0283119909444 0.0340758683890 0.0352990666298 0.0361404733791
 -0.223884060892 -0.140853361240 -0.0441384031598 -0.0297003141029 0.0435373128955 0.0540616568423 0.0681761801211 0.0678158268417 0.0549969420922 0.0494460016945 0.0505618629526 0.0499809162296
 -0.179541505440 -0.379622431276 -0.172977828507 -0.0429663175244 0.0824076247049 0.140053237049 0.123468133297 0.123487817231 0.0992483085403 0.0717849060912 0.0684770261271 0.0661675151815
 -0.198425804805 -0.487293105830 -0.274635313109 0.0658573489007 0.115040118120 0.151156674638 0.148209872193 0.139377625408 0.0948477908831 0.0839637037856 0.0824474531716 0.0794506432285
 -0.164875032353 -0.272784376949 -0.279675117837 -0.0226263194871 0.116758570146 0.0849243342120 0.0935150207376 0.0978544519331 0.0922527538894 0.0860171713828 0.0835594857629 0.0850922464122
 -0.130236384171 -0.101818121654 -0.300705005934 -0.0210395921770 0.0259908390535 0.0653745860950 0.0648871224495 0.0734394700721 0.0778707478992 0.0797245171429 0.0817359217689 0.0847747872016
 -0.147184846168 0.102923031155 -0.0845539818461 -0.162095140546 -0.0761979643316 0.0425885593132 0.0363878368284 0.0328599013785 0.0513956986782 0.0595105219764 0.0686986177634 0.0756771017637
 -0.135771915995 -0.150463562914 0.0631141195329 -0.0679950732409 0.0615542984449 0.00691141955053 0.0350555889772 0.0267427537854 0.0271799017525 0.0324316524736 0.0467822649159 0.0544635398171
 -0.151680507888 0.0457742767626 0.139482430659 -0.0778146272852 -0.229995276101 0.0734557512650 0.0425196850971 0.0423678367549 0.0183101858222 0.0241990971364 0.0332116906567 0.0401736854368
 -0.159424964330 -0.0309353627425 0.0777476036823 0.164478257307 -0.0159624708498 -0.0742966971661 0.0222438459042 -0.0306672941070 0.0229746572809 0.00367349099551 0.00253671373544 0.0176338525193
 -0.161059767578 -0.0780117282950 0.122344103566 -0.0839419065680 0.0139284822769 -0.0374034852930 -0.0958539907206 0.136141305620 0.0865060095901 0.0636193754610 0.0280435236551 0.00568931986920
 -0.194274267104 -0.114703675225 0.461231541036 0.0451760566230 0.124461286115 -0.0526500249893 0.133620437803 -0.0935551209189 -0.0905016931492 -0.112038697997 -0.0655585705657 -0.0412038194845
 -0.162905702173 -0.0738066012186 -0.382388198847 0.167676570188 0.0364683423882 0.0825874970334 0.127053329121 0.105121315724 0.0260582719064 0.0689101726618 0.0215934083055 -0.0163670210086
 -0.153411908343 -0.0416478942574 -0.345605805878 0.0383749397180 0.183457066103 0.0585022078490 -0.0281488352947 0.0457819078359 0.0593497510115 -0.0170264092046 0.128428922575 0.0719453905344
 -0.0808185640904 0.00260269486731 -0.371007490179 -0.322502453367 -0.223303792476 -0.0621925735057 0.126688711264 -0.0284439887700 0.165126053483 0.104497374059 0.353640193366 0.335735599869
 -0.156465246660 -0.0672161992058 0.503109869759 -0.261924537907 -0.344252662607 -0.0429338529908 -0.0279187328889 0.215251852966 0.108117052300 0.233139273674 -0.113106923719 -0.0458087354681
 -0.144821904145 -0.489520790420 -0.0305307363775 0.796218982321 -8.68073115319e-05 0.0152676787888 0.0857926723577 0.0254065349247 -0.0125721185542 -0.0511602617294 -0.124657006097 -0.0693436102893
 -0.0509066632835 0.00936650987176 -0.776684801945 -0.295396302629 0.908105946854 0.259696243905 0.0249910497112 -0.0247364019087 -0.0332841565139 -0.00732589770920 0.0217371656834 -0.0355601084825
 -0.0207872422614 0.186475443243 -0.288915800803 -0.687636469859 -0.358723331841 0.466107867085 0.148334148456 0.163759535786 0.133716287269 0.116440258783 0.0859279859002 0.0552846725140
 -0.0354199567041 0.515627317377 0.280187521353 -0.792683702570 -0.743906836964 -0.356806039521 0.274921836743 0.306737060570 0.226036344193 0.154353606826 0.0998267882635 0.0711240396916
 -0.134982511672 0.347176823145 0.155108750719 0.658926337074 -0.0159651153962 -0.410217191885 -0.412971142442 -0.301827671215 -0.00416430375670 0.0317612736776 0.0401555526200 0.0470094198395
 -0.107499425537 -0.382120495655 0.281015612759 0.240059380203 0.197291563454 0.278532429308 -0.242108076095 -0.0662781116083 -0.0732199811869 -0.0470602725376 -0.0448652306108 -0.0337362907113
 -0.153224414761 -0.379079625481 0.828151455291 0.459913893505 0.150788506235 -0.237078746149 0.250458534801 -0.113817404624 -0.280951747525 -0.245740499292 -0.176718639151 -0.102700253428
 -0.0806733853293 -0.152702091745 -0.549369630887 0.304748042627 0.422184206121 0.0117259144318 -0.0216462222594 0.234150603103 0.0190483985574 -0.0545981378519 -0.0550463410915 -0.0778234182450
 -0.0357820998954 -0.203576660396 -0.453728389692 -0.299410881218 0.259312067738 0.617395788962 0.136609068879 -0.0943427507410 0.0325496255241 0.0378831608490 0.0237002601076 -0.0206148884882
 -0.0799389537306 0.170571178343 0.0743433380032 -0.0156596880042 -0.223508709568 0.0621904372667 0.0797394676857 0.0661783833927 0.0479063517277 -0.0209442075865 -0.0844537496978 -0.0764330135779
 -0.0843903625918 -0.335438599576 0.679532375080 -0.0632113517027 0.0334878466713 -0.172039833052 0.0382650237052 0.0432324594338 0.00974501432059 -0.00859943003642 -0.0748493152735 -0.0657261348495
 -0.0397261561503 -0.146659484547 -0.667060898999 0.731411276867 0.0305743950340 -0.118208557871 -0.00461974411517 0.0244144636884 0.0483313768939 0.0538721948010 0.0726674948124 0.0150134552541
 -0.0687007558254 0.0754358950644 0.00219316908502 -0.325093931848 0.439618568642 0.254765796771 -0.111550739005 -0.157244925778 -0.0613529252049 0.00239809964597 -0.00109433631349 -0.0493926082379
 -0.0968154067200 0.0932368600472 0.562869781079 -0.0737710903346 -0.304638826584 -0.0495702418874 -0.0593376934795 -0.0297657621955 -0.0761644529145 -0.0336515933361 0.0184431133212 0.0491607204353
 -0.0563078428403 0.0331196221273 -0.0518372786515 0.0168636493410 -0.0434319888045 0.00804166902912 0.0282007672681 -0.0595749194649 -0.0277303792975 0.00303990328899 0.0515541573261 0.0980625936795
 -0.00550523068476 -0.0675723746386 -0.541574399172 -0.137306358494 -0.0745791907423 0.0431100075847 0.0611834432672 0.130294950513 0.146090161263 0.0807148475699 0.167839228130 0.197302786470
 -0.0348563360638 -0.344606060803 0.186639335596 0.0380521529073 -0.145195240184 -0.0839559070547 -0.0454339026895 -0.0104436301031 0.00766671658667 0.152788229930 0.152469574499 0.126878959183
 0.00469438663541 0.0790436991684 -0.606749451866 0.435702130478 0.161433192223 -0.251435257631 -0.0655294983514 0.0931703044457 0.0960503414773 0.0286800629792 -0.0311651670233 0.0561096217400
 0.0109475704994 -0.0550303726684 0.0409597232713 -1.07227807705 0.419968626062 0.353688402755 0.128061782469 0.0182375420603 0.0262243543130 0.0962299269598 0.0598317364781 -0.0268449537218
 -0.0232522662731 0.198772052850 0.185592536167 0.608491393879 -1.08845597012 -0.0213858138580 0.00690283247378 0.0358848952311 0.0222375221977 -0.0398066936807 0.0316514913344 0.0833681969391
 0.0116864271172 -0.202256913614 0.0250811876997 -0.129438222484 0.503570504196 -0.622240060970 -0.137654976798 0.0642358442775 0.130343311086 0.143923837750 0.113056646693 0.0996879631829
 -0.0187346185754 0.151305910265 -0.0372491508406 -0.141436340015 -0.0997238497776 0.286693096120 0.124210603225 -0.145263691016 -0.120707115338 0.000713882814792 -0.00324626808391 0.00344602531314
 -0.0131072568277 -0.515152765268 1.08755215153 0.191103494941 -0.175330436365 -0.0935916545018 -0.165547612906 -0.130827893842 -0.114836682690 -0.0339087748483 -0.0209663264752 -0.0153686300101
 0.0708835950073 -0.110894357984 -1.45781394056 1.07304633755 0.300933150956 0.0285463222308 -0.0708985575768 0.232961386075 0.0822538529472 -0.0863708299941 -0.0273297895937 -0.0353209937748
 0.0595104114134 0.144404026247 -0.289013412235 -1.10598226757 0.609958346988 0.348831368638 0.211603457661 -0.0749429673887 0.105252348226 0.0492487654450 -0.0304967395210 -0.0283738243109
 0.0362936671905 0.193733852314 0.0692543639712 -0.545391220334 0.0585140275760 0.207832046665 0.116112842848 0.110463279102 -0.0504136767181 -0.0758051872745 -0.0692946297498 -0.0512912742992
 0.0970500014650 0.770600486306 0.145648981947 -0.639495241049 -1.36935277319 0.0750209379418 0.486252322933 0.272782488376 0.174128847995 0.152910854309 -0.0524903293380 -0.113053610134
 0.148071264688 1.00221582026 0.652593991705 0.746938573403 0.215413656040 -0.524705704815 -0.648276345105 -0.608271079388 -0.344714359261 -0.297202983870 -0.146465362119 -0.195595140826
 -0.0299274034672 0.449961805050 0.924632639537 -0.173494179775 -0.118524879668 -0.576309623423 -0.169361345713 0.103022869431 -0.120697552103 -0.122296589009 -0.100534479087 -0.0664646050241
 0.000419337624225 0.173040762047 -0.276242023783 0.617105336361 0.0921420299053 -0.0422077932230 -0.201325017406 -0.0535026431804 -0.105890108130 -0.172917865923 -0.0306917490453 6.50330643390e-05
 0.0228834484275 -0.362978794764 -0.0773498328873 0.0196221949236 0.590593231457 0.273944440716 -0.302243215865 -0.179259008048 -0.0266070847157 0.0279044014288 -0.00705806198547 0.0205604425272
 3.70038472930e-06 0.00357987914291 0.00543475696241 0.128578366398 -0.136003825367 -0.104156831076 0.00798204496954 -0.0257518681513 -0.0286013115278 0.00792943647115 0.0344250160218 0.106575877133
# sel_devs_bts:
 0.00000000000 0.00000000000 0.00000000000 0.00000000000 0.00000000000 0.00000000000 0.00000000000 0.00000000000
 0.00000000000 0.00000000000 0.00000000000 0.00000000000 0.00000000000 0.00000000000 0.00000000000 0.00000000000
 0.00000000000 0.00000000000 0.00000000000 0.00000000000 0.00000000000 0.00000000000 0.00000000000 0.00000000000
 0.00000000000 0.00000000000 0.00000000000 0.00000000000 0.00000000000 0.00000000000 0.00000000000 0.00000000000
 0.00000000000 0.00000000000 0.00000000000 0.00000000000 0.00000000000 0.00000000000 0.00000000000 0.00000000000
 0.00000000000 0.00000000000 0.00000000000 0.00000000000 0.00000000000 0.00000000000 0.00000000000 0.00000000000
 0.00000000000 0.00000000000 0.00000000000 0.00000000000 0.00000000000 0.00000000000 0.00000000000 0.00000000000
 0.00000000000 0.00000000000 0.00000000000 0.00000000000 0.00000000000 0.00000000000 0.00000000000 0.00000000000
 0.00000000000 0.00000000000 0.00000000000 0.00000000000 0.00000000000 0.00000000000 0.00000000000 0.00000000000
 0.00000000000 0.00000000000 0.00000000000 0.00000000000 0.00000000000 0.00000000000 0.00000000000 0.00000000000
 0.00000000000 0.00000000000 0.00000000000 0.00000000000 0.00000000000 0.00000000000 0.00000000000 0.00000000000
 0.00000000000 0.00000000000 0.00000000000 0.00000000000 0.00000000000 0.00000000000 0.00000000000 0.00000000000
 0.00000000000 0.00000000000 0.00000000000 0.00000000000 0.00000000000 0.00000000000 0.00000000000 0.00000000000
 0.00000000000 0.00000000000 0.00000000000 0.00000000000 0.00000000000 0.00000000000 0.00000000000 0.00000000000
 0.00000000000 0.00000000000 0.00000000000 0.00000000000 0.00000000000 0.00000000000 0.00000000000 0.00000000000
 0.00000000000 0.00000000000 0.00000000000 0.00000000000 0.00000000000 0.00000000000 0.00000000000 0.00000000000
 0.00000000000 0.00000000000 0.00000000000 0.00000000000 0.00000000000 0.00000000000 0.00000000000 0.00000000000
 0.00000000000 0.00000000000 0.00000000000 0.00000000000 0.00000000000 0.00000000000 0.00000000000 0.00000000000
 0.00000000000 0.00000000000 0.00000000000 0.00000000000 0.00000000000 0.00000000000 0.00000000000 0.00000000000
 0.00000000000 0.00000000000 0.00000000000 0.00000000000 0.00000000000 0.00000000000 0.00000000000 0.00000000000
 0.00000000000 0.00000000000 0.00000000000 0.00000000000 0.00000000000 0.00000000000 0.00000000000 0.00000000000
 0.00000000000 0.00000000000 0.00000000000 0.00000000000 0.00000000000 0.00000000000 0.00000000000 0.00000000000
 0.00000000000 0.00000000000 0.00000000000 0.00000000000 0.00000000000 0.00000000000 0.00000000000 0.00000000000
 0.00000000000 0.00000000000 0.00000000000 0.00000000000 0.00000000000 0.00000000000 0.00000000000 0.00000000000
 0.00000000000 0.00000000000 0.00000000000 0.00000000000 0.00000000000 0.00000000000 0.00000000000 0.00000000000
 0.00000000000 0.00000000000 0.00000000000 0.00000000000 0.00000000000 0.00000000000 0.00000000000 0.00000000000
 0.00000000000 0.00000000000 0.00000000000 0.00000000000 0.00000000000 0.00000000000 0.00000000000 0.00000000000
 0.00000000000 0.00000000000 0.00000000000 0.00000000000 0.00000000000 0.00000000000 0.00000000000 0.00000000000
 0.00000000000 0.00000000000 0.00000000000 0.00000000000 0.00000000000 0.00000000000 0.00000000000 0.00000000000
 0.00000000000 0.00000000000 0.00000000000 0.00000000000 0.00000000000 0.00000000000 0.00000000000 0.00000000000
 0.00000000000 0.00000000000 0.00000000000 0.00000000000 0.00000000000 0.00000000000 0.00000000000 0.00000000000
 0.00000000000 0.00000000000 0.00000000000 0.00000000000 0.00000000000 0.00000000000 0.00000000000 0.00000000000
 0.00000000000 0.00000000000 0.00000000000 0.00000000000 0.00000000000 0.00000000000 0.00000000000 0.00000000000
 0.00000000000 0.00000000000 0.00000000000 0.00000000000 0.00000000000 0.00000000000 0.00000000000 0.00000000000
 0.00000000000 0.00000000000 0.00000000000 0.00000000000 0.00000000000 0.00000000000 0.00000000000 0.00000000000
 0.00000000000 0.00000000000 0.00000000000 0.00000000000 0.00000000000 0.00000000000 0.00000000000 0.00000000000
 0.00000000000 0.00000000000 0.00000000000 0.00000000000 0.00000000000 0.00000000000 0.00000000000 0.00000000000
 0.00000000000 0.00000000000 0.00000000000 0.00000000000 0.00000000000 0.00000000000 0.00000000000 0.00000000000
 0.00000000000 0.00000000000 0.00000000000 0.00000000000 0.00000000000 0.00000000000 0.00000000000 0.00000000000
 0.00000000000 0.00000000000 0.00000000000 0.00000000000 0.00000000000 0.00000000000 0.00000000000 0.00000000000
 0.00000000000 0.00000000000 0.00000000000 0.00000000000 0.00000000000 0.00000000000 0.00000000000 0.00000000000
 0.00000000000 0.00000000000 0.00000000000 0.00000000000 0.00000000000 0.00000000000 0.00000000000 0.00000000000
# sel_devs_ats:
 0.321089162956 0.332012225964 0.305929430342 0.298825041549 0.315419047243 0.320646992243 0.316303596439
 0.361781280832 0.361928713617 0.357104160989 0.349647039105 0.352540104706 0.358263698647 0.361214906655
 0.433434771251 0.425941631867 0.395663562222 0.409202905487 0.396798068918 0.401375774937 0.392002914692
 0.406100157791 0.488487981227 0.479123738600 0.441658151685 0.448406019841 0.453154894615 0.427250584668
 0.436825848452 0.523160693925 0.518211894599 0.483250446375 0.475633893073 0.490924920892 0.464452781880
 0.473953449198 0.497137534967 0.553506548098 0.518160601624 0.523929635103 0.494894627454 0.500191646588
 0.544631366504 0.539017378787 0.522332263588 0.550721327437 0.555670211542 0.537022859417 0.521939619068
 0.548628828674 0.565112667800 0.553513392036 0.567177102004 0.572811370065 0.559592452200 0.543144202374
 0.514901884703 0.512915674764 0.584815913312 0.601147817692 0.585371875935 0.573294088142 0.570609119859
 0.511199941980 0.526908962574 0.612812446268 0.613559072984 0.596037803143 0.588383958408 0.584724369258
 0.614218745660 0.579968001021 0.518938853134 0.550707706561 0.581533717402 0.590363899119 0.594372634504
 0.594904870996 0.572225682906 0.529627543512 0.547771069502 0.575445388800 0.587699140527 0.591115461992
 0.605319051986 0.590663239070 0.559683091153 0.571623336606 0.581319920052 0.571194429418 0.577045024637
 0.621139850940 0.591246798913 0.542077527619 0.533128467104 0.543745031383 0.559227565767 0.575699198962
 0.582277530697 0.576703536151 0.546903807027 0.544484790337 0.554140312522 0.564450987301 0.565913860122
 0.587410808087 0.547284821043 0.565508351406 0.535755195349 0.539565554898 0.547277118802 0.538140818400
 0.564782939454 0.539830650706 0.511438031164 0.520796202932 0.529755545284 0.536038651316 0.523419930569
 0.562991466530 0.526654101113 0.498566111776 0.509164331006 0.520643586745 0.527516143529 0.511048381585
 0.530128643858 0.542315761834 0.568379682317 0.553595381150 0.548397735727 0.532536499488 0.495962338097
 0.551499176191 0.536558532424 0.573590810415 0.556824387313 0.556198142699 0.547543657940 0.499867437929
 0.460375317555 0.585109365318 0.608533745535 0.583874534906 0.556851989966 0.553785439235 0.537157031131
 0.459763811125 0.552738987518 0.632305637052 0.583155092539 0.558923790125 0.548286320471 0.581448010207
 0.579363710538 0.530299012766 0.481313379617 0.572595930892 0.590081486856 0.584684190566 0.610716685498
 0.584098521542 0.553817989114 0.530147891970 0.602665678960 0.608519683615 0.608322314057 0.622882211230
 0.606619467002 0.619755300866 0.656196518772 0.635363507492 0.630971040967 0.620847857126 0.624683881474
 0.619214104608 0.642182345727 0.678428473034 0.654495563356 0.642747523087 0.643555391460 0.650161778988
 0.635705766948 0.654397477318 0.701041986274 0.673182901914 0.663423805658 0.666146815129 0.670426712556
 0.636708123425 0.650301221651 0.732202335442 0.683699516962 0.679160485123 0.683327538022 0.687181550373
 0.695517875295 0.684169868368 0.610674157539 0.675975106052 0.698288049522 0.704118182540 0.701607454911
 0.683794331979 0.680606043903 0.632390162602 0.678345374288 0.702576249875 0.710861212628 0.704051798253
# sel_coffs_fsh:
 -4.10651597757 -2.16517071525 -0.883454143913 0.358560752219 0.338948565158 0.309982206987 0.269755452916 0.229520658551 0.194540683160 0.166952834951 0.145197576244 0.128357619668
# sel_coffs_bts:
 -0.0100000000000 -0.0100000000000 -0.0100000000000 -0.0100000000000 -0.0100000000000 -0.0100000000000 -0.0100000000000 -0.0100000000000
# sel_coffs_ats:
 -0.156112882539 -0.158689640294 0.0210112477165 0.145135621538 0.186155998245 0.284341838893 0.417129833195
# sel_slp_bts:
0.988602951972
# sel_a50_bts:
6.23638877525
# sel_age_one_bts:
-3.19423167866
# sel_slp_bts_dev:
 -0.705028551973 0.0467923919842 0.00881387042926 -0.400761448159 -0.342811459392 -0.442179499460 -0.545413111632 -0.436876635431 0.327860695643 0.222201816550 0.171681011725 0.312630202814 0.280555843288 0.233568599932 -0.136761866886 -0.288607072961 -0.510031408234 -0.604427524895 -0.338250855453 -0.479979068905 -0.0630449778894 0.173484447533 0.0815677227724 0.208487946570 -0.0823281305677 0.337239914349 0.542488581118 0.239137287746 0.752680807078 0.550098095731 0.205375318476 0.298327423978 0.529906054720 0.433463762409 0.428964648298 0.253108916427 -0.337388056051 0.00442084348736 -0.118211754297 -0.207349182263 -0.0373798550122 -0.338570189002 -0.227455554594
# sel_a50_bts_dev:
 -0.00957066006004 -0.157327867955 -0.0347095932055 0.0770173000066 0.100210533028 0.0623761251797 -0.0516136038004 -0.0982646022394 -0.208784232457 -0.130184636547 -0.133045651708 -0.168689517240 -0.0883535940902 0.00333419957216 0.186056329006 0.222906217135 0.313148712368 0.277040902989 0.143168246189 0.178090360534 0.0549428447648 0.00653563183166 0.0396831357889 -0.0185715997204 0.0894055883729 -0.0850897603540 -0.119320127383 -0.0296999340125 -0.211174931367 -0.0939460504693 -0.0496567748689 -0.0776486734791 -0.161494533889 -0.207987347261 -0.148299086140 -0.0707323623476 0.153053646297 -0.0204402643280 0.0585147646239 0.129940131778 0.0450417222292 0.196510279946 0.0376287332833
# sel_age_one_bts_dev:
 -0.0344182895542 0.00515301964439 0.0390253956928 -0.215872735135 -0.400271427283 -0.235779094139 -0.289699546700 -0.0531056232118 0.0931293885095 -0.168015809709 -0.0309175697305 0.0244196144757 -0.0953285189569 -0.119706014787 -0.107008151842 -0.00840300127710 0.0492416999720 0.100743507218 0.182080469739 0.0656375309661 0.0658275094009 0.219456762843 0.0429990761637 -0.0319901422545 -0.0380811598230 -0.0616510748753 0.161142138813 0.338125437622 0.303996906394 -0.0991791297446 -0.0848265214808 0.178423547662 0.137985093386 0.0316011237100 -0.0722439223149 -0.0833900088231 -0.0437158175581 0.232144988873 0.0899328729673 -0.0522797630083 0.0157370214196 -0.0220580203744 -0.0288617628908
# sel_dif1_fsh:
1.00000000000
# sel_a501_fsh:
3.00000000000
# sel_trm2_fsh:
0.900000000000
# sel_dif2_fsh:
5.00000000000
# sel_dif1_fsh_dev:
 0.00000000000 0.00000000000 0.00000000000 0.00000000000 0.00000000000 0.00000000000 0.00000000000 0.00000000000 0.00000000000 0.00000000000 0.00000000000 0.00000000000 0.00000000000 0.00000000000 0.00000000000 0.00000000000 0.00000000000 0.00000000000 0.00000000000 0.00000000000 0.00000000000 0.00000000000 0.00000000000 0.00000000000 0.00000000000 0.00000000000 0.00000000000 0.00000000000 0.00000000000 0.00000000000 0.00000000000 0.00000000000 0.00000000000 0.00000000000 0.00000000000 0.00000000000 0.00000000000 0.00000000000 0.00000000000 0.00000000000 0.00000000000 0.00000000000 0.00000000000 0.00000000000 0.00000000000 0.00000000000 0.00000000000 0.00000000000 0.00000000000 0.00000000000 0.00000000000 0.00000000000 0.00000000000 0.00000000000 0.00000000000 0.00000000000 0.00000000000 0.00000000000 0.00000000000 0.00000000000 0.00000000000
# sel_a501_fsh_dev:
 0.00000000000 0.00000000000 0.00000000000 0.00000000000 0.00000000000 0.00000000000 0.00000000000 0.00000000000 0.00000000000 0.00000000000 0.00000000000 0.00000000000 0.00000000000 0.00000000000 0.00000000000 0.00000000000 0.00000000000 0.00000000000 0.00000000000 0.00000000000 0.00000000000 0.00000000000 0.00000000000 0.00000000000 0.00000000000 0.00000000000 0.00000000000 0.00000000000 0.00000000000 0.00000000000 0.00000000000 0.00000000000 0.00000000000 0.00000000000 0.00000000000 0.00000000000 0.00000000000 0.00000000000 0.00000000000 0.00000000000 0.00000000000 0.00000000000 0.00000000000 0.00000000000 0.00000000000 0.00000000000 0.00000000000 0.00000000000 0.00000000000 0.00000000000 0.00000000000 0.00000000000 0.00000000000 0.00000000000 0.00000000000 0.00000000000 0.00000000000 0.00000000000 0.00000000000 0.00000000000 0.00000000000
# sel_trm2_fsh_dev:
 0.00000000000 0.00000000000 0.00000000000 0.00000000000 0.00000000000 0.00000000000 0.00000000000 0.00000000000 0.00000000000 0.00000000000 0.00000000000 0.00000000000 0.00000000000 0.00000000000 0.00000000000 0.00000000000 0.00000000000 0.00000000000 0.00000000000 0.00000000000 0.00000000000 0.00000000000 0.00000000000 0.00000000000 0.00000000000 0.00000000000 0.00000000000 0.00000000000 0.00000000000 0.00000000000 0.00000000000 0.00000000000 0.00000000000 0.00000000000 0.00000000000 0.00000000000 0.00000000000 0.00000000000 0.00000000000 0.00000000000 0.00000000000 0.00000000000 0.00000000000 0.00000000000 0.00000000000 0.00000000000 0.00000000000 0.00000000000 0.00000000000 0.00000000000 0.00000000000 0.00000000000 0.00000000000 0.00000000000 0.00000000000 0.00000000000 0.00000000000 0.00000000000 0.00000000000 0.00000000000 0.00000000000
# rec_dev_future:
 0.00000000000 0.00000000000 0.00000000000 0.00000000000 0.00000000000
# M_dev:
 0.00000000000 0.00000000000 0.00000000000 0.00000000000 0.00000000000 0.00000000000 0.00000000000 0.00000000000 0.00000000000 0.00000000000 0.00000000000 0.00000000000 0.00000000000 0.00000000000 0.00000000000 0.00000000000 0.00000000000 0.00000000000 0.00000000000 0.00000000000 0.00000000000 0.00000000000 0.00000000000 0.00000000000 0.00000000000 0.00000000000 0.00000000000 0.00000000000 0.00000000000 0.00000000000 0.00000000000 0.00000000000 0.00000000000 0.00000000000 0.00000000000 0.00000000000 0.00000000000 0.00000000000 0.00000000000 0.00000000000 0.00000000000 0.00000000000 0.00000000000 0.00000000000 0.00000000000 0.00000000000 0.00000000000 0.00000000000 0.00000000000 0.00000000000 0.00000000000 0.00000000000 0.00000000000 0.00000000000 0.00000000000 0.00000000000 0.00000000000 0.00000000000 0.00000000000 0.00000000000
# L1:
28.2780669416
# L2:
46.0963293466
# log_alpha:
-11.0000000000
# log_K:
-0.127712241351
# d_scale:
 0.524271032482 0.704796053835 0.765596325552 0.829605773913 0.869713544155 0.932864146939 0.978332024500 0.974084068157 0.994010017671 0.933090207239 0.952799308158 0.861007994647 1.00250071870
# coh_eff:
 0.00000000000 0.00000000000 0.00000000000 0.00000000000 0.00000000000 0.00000000000 0.00000000000 0.00000000000 0.00000000000 0.00000000000 0.00000000000 0.00000000000 0.00000000000 0.00000000000 0.00000000000 0.00000000000 -0.195728965581 0.270192720186 0.0178827644733 0.507845122524 -0.424941601881 0.557310186676 -0.494050760790 0.447584812812 0.0390400345152 -0.116125836619 -0.431927647118 -0.590148485383 0.549418803416 0.649129809287 1.12421022809 -0.0507823974222 0.605564133958 -0.0270274689995 -1.01445217292 -0.880882127642 -0.972450419787 0.848661072349 1.78563182818 0.499990653787 -0.989846495266 -0.0785231222464 0.964749522379 0.464439951844 0.393605602639 -0.0710533582090 0.382437963444 0.875274634578 1.45540092502 0.411143915198 -0.804028874995 -1.12250311465 -0.453701021769 -1.67131723932 -0.775240160501 -1.53854994020 -2.03471537304 -1.88593704936 -1.15802431663 0.720734981011 0.774457841904 0.0191161952789 0.321799981155 0.564117684270 1.40880585902 0.370852489362 0.189006820273 1.11705013095 1.66502171035 0.353910836003 0.00000000000 0.00000000000
# yr_eff:
 0.00000000000 0.182047834224 -0.0368439981908 0.255812110638 0.285240393591 1.41123364400 0.323891306197 1.80156602264 0.261990040846 0.994120161493 1.05416183670 0.686785975061 -0.0135123243619 0.710121644713 -0.714578035921 -0.0426541715516 -1.56818002416 -0.750079089577 -1.17331768086 -0.904121835539 0.295509606583 0.0313340337452 0.0445352535512 0.820972006886 -0.0655038721853 -0.492021972870 -0.720847532007 -0.326736514565 -0.623959316853 -0.447260149731 -0.347642124001 0.433006683359 -0.0962549655570 -0.206934562909 -0.437963979705 -0.880862324741 -0.255303661923 0.847882059802 0.262083594254 1.32470158383 0.497071339495 0.644254290870 0.0107438195554 0.428681163154 0.558671329436 -2.25876045452 -0.485372766741 -0.209311832872 -1.02216173783 0.652145168170 -1.76718745871 -1.55095910229 -0.242907055366 -3.43125702049 0.849621936328 0.00000000000 0.00000000000 0.00000000000 0.00000000000 0.00000000000
# resid_temp_x1:
0.00000000000
# resid_temp_x2:
0.00000000000
# log_a_II:
 -6.00000000000 -6.00000000000 -6.00000000000
 -6.00000000000 -6.00000000000 -6.00000000000
# log_b_II:
 6.00000000000 6.00000000000 6.00000000000
 6.00000000000 6.00000000000 6.00000000000
# log_a_II_vec:
 -4.00000000000 -4.00000000000
# log_b_II_vec:
 2.50000000000 2.50000000000
# log_rho:
 -2.50000000000 -2.50000000000 -2.50000000000
 -2.50000000000 -2.50000000000 -2.50000000000
# log_resid_M:
 -1.45000000000 -1.45000000000 -1.45000000000
