# Number of parameters = 1106 Objective function value = 6562.88139885595  Maximum gradient component = 0.00125642625711493
# log_avgrec:
9.86804079517
# log_avginit:
4.82447914420
# log_avg_F:
-1.43114375701
# natmort_phi:
0.00000000000
# log_q_bts:
0.00000000000
# log_q_std_area:
-0.600000000000
# bt_slope:
0.00000000000
# log_q_ats:
-0.634649052989
# log_Rzero:
10.1750743788
# steepness:
0.618224494688
# log_q_cpue:
0.0905755693186
# log_q_avo:
-9.39183508284
# log_initdevs:
 3.31294925691 2.83080687040 1.29755452938 0.470730769817 1.14541601788 0.351772917041 -0.785744311669 -1.24207830829 -1.23496787572 -1.22989866075 -1.22671004766 -1.22829127520 -1.22988324121 -1.23174513982
# log_rec_devs:
 -1.09660956997 0.0858443057192 -0.244545451810 0.278546400557 0.135257591104 0.301037100525 0.195345789485 -0.290930829255 -0.495556026133 0.323367278097 0.00524292019349 -0.164392436020 -0.437489041521 -0.409564918153 0.165819921183 1.02613402822 0.256421566430 0.439090188998 -0.105607443791 0.981832030188 -0.320075036193 0.564988065868 -0.347723526858 -0.933983404287 -1.22407792569 -0.565177953770 0.917477558751 0.267466420308 0.145538941206 0.838968319727 -0.238378192827 -0.608346847422 0.144938595074 0.450487016504 -0.265074384071 -0.192030196168 0.257123483129 0.590332581102 0.189072402061 -0.300722718901 -1.07804069671 -1.40277442216 -0.490719851097 0.267892758527 -0.298776722161 0.883460524951 0.223304263998 -0.301084264175 0.00497199831206 0.783718047476 0.881243228944 -0.0219570693125 -0.931333751712 -0.585188026641 -0.0797827262046 1.47582836396 0.119047524764 -0.0778463875366 -0.0128784683182
# larv_rec_devs:
 0.00000000000 0.00000000000 0.00000000000 0.00000000000 0.00000000000 0.00000000000 0.00000000000 0.00000000000 0.00000000000 0.00000000000 0.00000000000
 0.00000000000 0.00000000000 0.00000000000 0.00000000000 0.00000000000 0.00000000000 0.00000000000 0.00000000000 0.00000000000 0.00000000000 0.00000000000
 0.00000000000 0.00000000000 0.00000000000 0.00000000000 0.00000000000 0.00000000000 0.00000000000 0.00000000000 0.00000000000 0.00000000000 0.00000000000
 0.00000000000 0.00000000000 0.00000000000 0.00000000000 0.00000000000 0.00000000000 0.00000000000 0.00000000000 0.00000000000 0.00000000000 0.00000000000
 0.00000000000 0.00000000000 0.00000000000 0.00000000000 0.00000000000 0.00000000000 0.00000000000 0.00000000000 0.00000000000 0.00000000000 0.00000000000
 0.00000000000 0.00000000000 0.00000000000 0.00000000000 0.00000000000 0.00000000000 0.00000000000 0.00000000000 0.00000000000 0.00000000000 0.00000000000
 0.00000000000 0.00000000000 0.00000000000 0.00000000000 0.00000000000 0.00000000000 0.00000000000 0.00000000000 0.00000000000 0.00000000000 0.00000000000
 0.00000000000 0.00000000000 0.00000000000 0.00000000000 0.00000000000 0.00000000000 0.00000000000 0.00000000000 0.00000000000 0.00000000000 0.00000000000
 0.00000000000 0.00000000000 0.00000000000 0.00000000000 0.00000000000 0.00000000000 0.00000000000 0.00000000000 0.00000000000 0.00000000000 0.00000000000
 0.00000000000 0.00000000000 0.00000000000 0.00000000000 0.00000000000 0.00000000000 0.00000000000 0.00000000000 0.00000000000 0.00000000000 0.00000000000
 0.00000000000 0.00000000000 0.00000000000 0.00000000000 0.00000000000 0.00000000000 0.00000000000 0.00000000000 0.00000000000 0.00000000000 0.00000000000
# log_F_devs:
 -0.650323343675 -0.625401920361 -0.703511344352 -0.164989917560 -0.178490097535 -0.136365612011 0.226493155133 0.573607571420 0.684588034651 0.814328739928 0.876817497863 0.685290463125 0.577425038335 0.468780787660 0.569565772896 0.635944621896 0.601593899914 0.335225377087 -0.0585561488902 -0.234382378984 -0.274821876830 -0.284364769933 -0.374245176913 -0.702406289268 -0.414045510866 -0.411958866327 -0.0412052084347 0.108852149207 0.399886266608 0.0472448405705 -0.152169649538 -0.165514871602 -0.0529063271243 -0.0405370865483 -0.169732187885 -0.393027443557 -0.311935547338 -0.172405838583 -0.0128148404531 0.0365166727294 -0.0825611491305 -0.164305605160 0.0471163615264 0.117429334395 0.204755180172 0.149738096910 -0.0677632708207 0.189443085967 0.117395785583 -0.00365445149080 -0.0861153002990 0.0653698527346 -0.243605141037 -0.287826306687 -0.386556359228 -0.272091048039 -0.0334615009768 -0.0262711140241 -0.153085084850
# sigr:
1.00000000000
# sel_devs_fsh:
 0.0534524325236 0.0934018539927 0.142467457558 -0.0413958502453 -0.0416910071449 -0.0560439723389 -0.0480500988004 -0.0388238425592 -0.0279223826237 -0.0183063511010 -0.0110069599917 -0.00607565380516
 0.0610723791752 0.100693025833 0.243237678387 -0.132842049698 -0.0953383973308 -0.0737845387821 -0.0523463810003 -0.0326909680687 -0.0197455198567 -0.00836187161830 0.00123151518788 0.00887443039743
 0.125999154843 0.100891046221 0.00657313879383 -0.00603732332844 -0.0471756980605 -0.0513559706528 -0.0484788064942 -0.0375503813115 -0.0250785092714 -0.0126207502194 -0.00453433436602 -0.000630931070566
 0.133320078257 0.0674315458093 0.157378414387 -0.105077045672 -0.101475757493 -0.0919492666876 -0.0793303979662 -0.0242574621636 -0.00555891613306 0.00978032152833 0.0170365999025 0.0227021509965
 0.189531733579 0.137204697496 -0.0321121289535 -0.250034285233 -0.123095645804 -0.107599058736 -0.0497288877538 0.00914006223862 0.0359347244416 0.0520824048387 0.0592656346320 0.0794069001247
 0.0125323611081 0.0287939094130 -0.0799672037945 -0.0482076179485 -0.000955704480853 -0.0141387956545 -0.0490647489160 0.00578341341724 0.0268175377453 0.0322040753700 0.0368656248463 0.0493384583387
 -0.230148058420 0.198084474343 0.116535238242 0.0804294257403 -0.0210196498797 -0.00759963243285 -0.0166288286402 -0.0311445916971 -0.0146490974684 -0.0168820998533 -0.0234177004229 -0.0335593878443
 -0.250585905514 0.108414059086 0.0695972968816 0.0497282947874 0.0391213386465 0.0482752588949 0.0290252809455 -0.000114208508769 -0.0109126982994 -0.0179550193629 -0.0262151599193 -0.0383786255655
 -0.207448096041 0.146633797854 0.181195219108 0.0368709886069 0.00710360147332 -0.00358474719507 -0.00283623988200 -0.0284394864550 -0.0217862677949 -0.0254314736305 -0.0331240997484 -0.0491529819521
 -0.190579145290 -0.173347516744 0.128713814728 0.0804855432678 0.0456733793780 0.0373500161744 0.0348648885980 -0.00369502882382 0.00461312979724 0.0120335885565 0.0118840321053 0.0120029000333
 -0.189108230723 -0.0694680898584 -0.0814447096125 0.0880973047937 0.0743023041242 0.0620033050620 0.0551514219010 0.0153453104830 0.0110294245289 0.0123949908896 0.0117134368517 0.00998345403943
 -0.179558090577 0.0224535516982 -0.131345597116 -0.0526194376538 0.0545228368400 0.0594817136503 0.0582775676368 0.0363812919706 0.0277649250151 0.0335101494222 0.0351464071111 0.0359855998023
 -0.221461669657 -0.135117396605 -0.0413693554055 -0.0313925613905 0.0406665251050 0.0513039174911 0.0662940908878 0.0664274267605 0.0549032924788 0.0491185695604 0.0505933580752 0.0500336682900
 -0.179452807880 -0.380079524569 -0.167515343513 -0.0421627597503 0.0773857106891 0.137928966438 0.121580345830 0.122483438873 0.101022150418 0.0729464661686 0.0690225832884 0.0668387924156
 -0.195278586374 -0.507211965423 -0.280323191802 0.0704024779171 0.116760266533 0.152672319997 0.150041387040 0.141306023161 0.0984517916516 0.0870030933790 0.0848538679707 0.0813229206277
 -0.159530533516 -0.290975778983 -0.311720868770 -0.0334081520588 0.124117370875 0.0956718765769 0.102981360997 0.105912898896 0.0989494597461 0.0917312990166 0.0880076363744 0.0882644056073
 -0.120023292838 -0.125700265696 -0.321891880138 -0.0616919467396 0.0136604868465 0.0871313636079 0.0842329787465 0.0882996875849 0.0896355998522 0.0887579127627 0.0883408840670 0.0892472023273
 -0.134913932696 0.0832365260170 -0.104642803732 -0.179863628259 -0.113527368649 0.0504603954499 0.0540614001422 0.0546629188278 0.0635817922744 0.0710715116410 0.0763917088615 0.0794816795040
 -0.116232505139 -0.168137237715 0.0447402219168 -0.0672025169554 0.0556392624016 -0.0355282714173 0.0441181827907 0.0386142786842 0.0399444444466 0.0470894292933 0.0570113270941 0.0599424125166
 -0.129937643580 0.0496282400140 0.117860459225 -0.0876810262047 -0.200832914928 0.0817441842349 -0.00394022149847 0.0216589276743 0.0226017507328 0.0340796088139 0.0443927111477 0.0504258809686
 -0.132666589052 -0.0243780461130 0.0832864014421 0.134203093111 -0.0399680477580 -0.0406948193757 0.0159940006893 -0.0728224229499 0.0255392510450 0.00652266112813 0.0121104925541 0.0328736087789
 -0.133857182429 -0.0590734838012 0.126121582504 -0.0737782556472 -0.0112452666558 -0.0899360047801 -0.0675459497791 0.139980410687 0.0671903962871 0.0512764984320 0.0281427015794 0.0227243853695
 -0.167917171079 -0.0908841293291 0.483749214871 0.0407862972530 0.122862584672 -0.0846921182497 0.103658635145 -0.0818266934330 -0.113350527102 -0.135974441139 -0.0539300935461 -0.0224804446496
 -0.142210229210 -0.0548340963501 -0.313452076764 0.173597450491 0.0154944580470 0.0840881916132 0.0964882643485 0.0822492074318 0.0253990427583 0.0607147200142 -0.00250568758838 -0.0250304625035
 -0.139721866150 -0.0317676597565 -0.254939583689 0.0833575245954 0.173497557041 0.0641699297189 -0.0380968906453 0.0237509505170 0.0353867797521 -0.00985360919154 0.0724756843446 0.0217451721912
 -0.0813763549070 -0.0108057825213 -0.274838914020 -0.264712333140 -0.157800463010 -0.0385873761782 0.133538579585 0.0255003093512 0.138041616913 0.101639148796 0.224983206479 0.204427722563
 -0.133174151468 -0.0602774948090 0.311352107460 -0.157065822424 -0.244285505497 -0.0228156414146 -0.0128404843196 0.159520376565 0.0803284754562 0.154851090305 -0.0551214963919 -0.0204792046109
 -0.123031991246 -0.310519547388 -0.175270623268 0.574328757808 0.00689730243934 0.0300927057295 0.0729892702451 0.0104311875365 0.00675628230520 -0.0139535095300 -0.0425208488619 -0.0362007268074
 -0.0688469308290 -0.0658674554077 -0.597688358947 -0.295566971721 0.731673816389 0.185097482753 0.0243137478849 0.00947499272243 0.00923941094219 0.0208233864186 0.0295404848446 0.0178047394927
 -0.0508441227947 0.149808540155 -0.209115488646 -0.645386473407 -0.343593403355 0.415266048773 0.120914326212 0.140588262664 0.129451287437 0.119270546472 0.0958184548307 0.0778059450409
 -0.0676726956707 0.302812645641 0.216962511124 -0.615265814207 -0.617579313529 -0.257406385453 0.294743951216 0.270878039482 0.184843184372 0.127526002173 0.0903458257194 0.0698040285686
 -0.148591120743 0.178226709141 0.178943881242 0.489328365013 -0.0475447392775 -0.343203423014 -0.302724574372 -0.118893439281 -0.0128815724397 0.0263247147057 0.0445150022891 0.0564985263770
 -0.151590113894 -0.234336227725 0.248748911448 0.284106806973 0.160898864904 0.183937181754 -0.286701883405 -0.128543108868 -0.0124161802059 -0.0215812935992 -0.0269522274981 -0.0155707904328
 -0.188586127159 -0.319917366540 0.725485812615 0.426574917975 0.168254806824 -0.235591598946 0.217033909052 -0.136554968477 -0.240019451354 -0.195816844448 -0.150819630242 -0.0700431380896
 -0.124660374800 -0.158358584757 -0.543543071677 0.312608828199 0.411491542263 0.0141335455832 -0.0319441297493 0.253470867125 0.0293591686179 -0.0496191064311 -0.0431516184821 -0.0697873184751
 -0.0612488777682 -0.281562273064 -0.526759642487 -0.316956444312 0.254082064293 0.632451646080 0.160551084602 -0.0806066721243 0.0472748851897 0.0908887578295 0.0850721636393 -0.00318636078689
 -0.106807089088 0.317882615736 0.130029478075 0.00570715475292 -0.234224576465 0.0242707078771 0.0308436830860 0.0287814597765 0.0422209288912 -0.0495486688365 -0.109552800202 -0.0796003729139
 -0.0949376002050 -0.379210438461 0.771537012413 -0.0737582821477 0.0664585826053 -0.150452163388 0.0392137049077 0.0207470686936 -0.0118372678907 -0.0186571481707 -0.0992864438022 -0.0698182309418
 -0.0373887811210 -0.165792840280 -0.733735539196 0.792165163800 0.0274608940152 -0.103807859529 0.0350044659185 0.0321620493353 0.0327904734042 0.0306899738904 0.0755662439947 0.0148923290380
 -0.0759359399705 0.127120882128 0.0248723546430 -0.334695882287 0.463835282583 0.268532179291 -0.115218841884 -0.160656775480 -0.0746882213545 -0.0144169765675 -0.0292986238678 -0.0794505550841
 -0.101317576727 0.148335003481 0.616725648457 -0.0738424297417 -0.319161246096 -0.0739648299037 -0.0750705667928 -0.0350862481931 -0.0783201626873 -0.0476582751976 0.00291132846191 0.0364491463062
 -0.0545877691394 0.0653161580886 -0.0521603651329 0.00239351424131 -0.0192426768415 0.0239844234722 0.0124281112636 -0.0739970323662 -0.0411264695693 0.00647793198997 0.0458183342607 0.0846952477494
 0.00160462255950 -0.0676558795189 -0.560353529847 -0.145019687365 -0.0891480799191 0.0773733148155 0.0963003921263 0.136049581058 0.139131690264 0.0505960086858 0.171974445783 0.189147164218
 -0.0363706186871 -0.358469587390 0.228438981607 0.0716032033094 -0.156338514642 -0.105946234979 -0.0265993431042 0.00872364188294 0.0138749559736 0.141224150387 0.127056314071 0.0928052848088
 -0.00219770895823 0.136760027963 -0.627576396037 0.478623440125 0.207908418521 -0.253420152305 -0.0891635547872 0.0943510540653 0.0957024700916 0.0254729085507 -0.0758236419165 0.00935520312476
 0.00328808302819 -0.112749142729 0.171484308162 -1.08474618711 0.469590643473 0.408508430102 0.155289202625 -0.00741300594884 0.0154620741997 0.0551200408665 0.0119984971210 -0.0858353414128
 -0.0357283060280 0.102233297868 0.147754201350 0.784928464572 -1.06776271013 0.0495474078656 0.0728564389845 0.0329740818342 -0.0183616832901 -0.0593392485606 -0.0245717282329 0.0154723894922
 0.0108812829280 -0.349401811548 0.0299425506043 -0.201152186114 0.691133099070 -0.595607289730 -0.0609625539826 0.111259810040 0.108968512672 0.101683821645 0.0885678020746 0.0646876674654
 0.0211778581954 0.0231044738145 -0.250175961327 -0.419916752189 -0.0923928259680 0.522279936541 0.236799038494 0.000639434757491 -0.0249222874675 -0.0258263975134 -0.00634554044415 0.0155815792184
 -0.0369457337796 -0.252010427929 1.00319003051 0.339335885300 -0.185223853011 -0.254539315675 -0.125158453030 -0.207819622649 -0.153825204592 -0.120692020429 -0.0147328684550 0.00842202493284
 0.0668119193622 -0.0407449050240 -1.61144959951 1.13244762641 0.592511179618 -0.0109986634832 -0.187944640570 0.0783379541092 0.0340170640314 -0.00708960031387 -0.0222840879192 -0.0236141007203
 0.0582651508464 0.161753070470 -0.267073116070 -1.17055494375 0.297686674034 0.458150559011 0.192606378167 0.105144074987 0.116096741518 0.107691808814 -0.0244387501238 -0.0353275601302
 0.0465703583405 0.236512223330 -0.0577799846922 -0.713283413762 -0.170028322135 0.265490851831 0.379071813580 0.191152322162 0.0375854089477 -0.0926735244530 -0.0668810884774 -0.0557368041501
 0.0226420175631 0.789545162941 0.393649277084 -0.388147297793 -1.15198365585 -0.140729694639 0.131452296955 0.0613487365509 0.131548390294 0.214299555660 0.00432149971329 -0.0679464081833
 0.0332629028892 1.02082932451 0.759276963438 0.514106512943 0.149633358931 -0.327139442271 -0.607483727383 -0.540168055230 -0.375041085301 -0.280094583491 -0.140713543111 -0.206484113367
 -0.0427295679022 0.439610451900 1.06113800822 0.00753913533250 -0.559129609731 -0.756936814769 -0.0218820262292 0.0955306031147 -0.0535697180413 -0.105418449212 -0.0681359438173 0.00398242476483
# sel_devs_bts:
 0.00000000000 0.00000000000 0.00000000000 0.00000000000 0.00000000000 0.00000000000 0.00000000000 0.00000000000
 0.00000000000 0.00000000000 0.00000000000 0.00000000000 0.00000000000 0.00000000000 0.00000000000 0.00000000000
 0.00000000000 0.00000000000 0.00000000000 0.00000000000 0.00000000000 0.00000000000 0.00000000000 0.00000000000
 0.00000000000 0.00000000000 0.00000000000 0.00000000000 0.00000000000 0.00000000000 0.00000000000 0.00000000000
 0.00000000000 0.00000000000 0.00000000000 0.00000000000 0.00000000000 0.00000000000 0.00000000000 0.00000000000
 0.00000000000 0.00000000000 0.00000000000 0.00000000000 0.00000000000 0.00000000000 0.00000000000 0.00000000000
 0.00000000000 0.00000000000 0.00000000000 0.00000000000 0.00000000000 0.00000000000 0.00000000000 0.00000000000
 0.00000000000 0.00000000000 0.00000000000 0.00000000000 0.00000000000 0.00000000000 0.00000000000 0.00000000000
 0.00000000000 0.00000000000 0.00000000000 0.00000000000 0.00000000000 0.00000000000 0.00000000000 0.00000000000
 0.00000000000 0.00000000000 0.00000000000 0.00000000000 0.00000000000 0.00000000000 0.00000000000 0.00000000000
 0.00000000000 0.00000000000 0.00000000000 0.00000000000 0.00000000000 0.00000000000 0.00000000000 0.00000000000
 0.00000000000 0.00000000000 0.00000000000 0.00000000000 0.00000000000 0.00000000000 0.00000000000 0.00000000000
 0.00000000000 0.00000000000 0.00000000000 0.00000000000 0.00000000000 0.00000000000 0.00000000000 0.00000000000
 0.00000000000 0.00000000000 0.00000000000 0.00000000000 0.00000000000 0.00000000000 0.00000000000 0.00000000000
 0.00000000000 0.00000000000 0.00000000000 0.00000000000 0.00000000000 0.00000000000 0.00000000000 0.00000000000
 0.00000000000 0.00000000000 0.00000000000 0.00000000000 0.00000000000 0.00000000000 0.00000000000 0.00000000000
 0.00000000000 0.00000000000 0.00000000000 0.00000000000 0.00000000000 0.00000000000 0.00000000000 0.00000000000
 0.00000000000 0.00000000000 0.00000000000 0.00000000000 0.00000000000 0.00000000000 0.00000000000 0.00000000000
 0.00000000000 0.00000000000 0.00000000000 0.00000000000 0.00000000000 0.00000000000 0.00000000000 0.00000000000
 0.00000000000 0.00000000000 0.00000000000 0.00000000000 0.00000000000 0.00000000000 0.00000000000 0.00000000000
 0.00000000000 0.00000000000 0.00000000000 0.00000000000 0.00000000000 0.00000000000 0.00000000000 0.00000000000
 0.00000000000 0.00000000000 0.00000000000 0.00000000000 0.00000000000 0.00000000000 0.00000000000 0.00000000000
 0.00000000000 0.00000000000 0.00000000000 0.00000000000 0.00000000000 0.00000000000 0.00000000000 0.00000000000
 0.00000000000 0.00000000000 0.00000000000 0.00000000000 0.00000000000 0.00000000000 0.00000000000 0.00000000000
 0.00000000000 0.00000000000 0.00000000000 0.00000000000 0.00000000000 0.00000000000 0.00000000000 0.00000000000
 0.00000000000 0.00000000000 0.00000000000 0.00000000000 0.00000000000 0.00000000000 0.00000000000 0.00000000000
 0.00000000000 0.00000000000 0.00000000000 0.00000000000 0.00000000000 0.00000000000 0.00000000000 0.00000000000
 0.00000000000 0.00000000000 0.00000000000 0.00000000000 0.00000000000 0.00000000000 0.00000000000 0.00000000000
 0.00000000000 0.00000000000 0.00000000000 0.00000000000 0.00000000000 0.00000000000 0.00000000000 0.00000000000
 0.00000000000 0.00000000000 0.00000000000 0.00000000000 0.00000000000 0.00000000000 0.00000000000 0.00000000000
 0.00000000000 0.00000000000 0.00000000000 0.00000000000 0.00000000000 0.00000000000 0.00000000000 0.00000000000
 0.00000000000 0.00000000000 0.00000000000 0.00000000000 0.00000000000 0.00000000000 0.00000000000 0.00000000000
 0.00000000000 0.00000000000 0.00000000000 0.00000000000 0.00000000000 0.00000000000 0.00000000000 0.00000000000
 0.00000000000 0.00000000000 0.00000000000 0.00000000000 0.00000000000 0.00000000000 0.00000000000 0.00000000000
 0.00000000000 0.00000000000 0.00000000000 0.00000000000 0.00000000000 0.00000000000 0.00000000000 0.00000000000
 0.00000000000 0.00000000000 0.00000000000 0.00000000000 0.00000000000 0.00000000000 0.00000000000 0.00000000000
 0.00000000000 0.00000000000 0.00000000000 0.00000000000 0.00000000000 0.00000000000 0.00000000000 0.00000000000
 0.00000000000 0.00000000000 0.00000000000 0.00000000000 0.00000000000 0.00000000000 0.00000000000 0.00000000000
 0.00000000000 0.00000000000 0.00000000000 0.00000000000 0.00000000000 0.00000000000 0.00000000000 0.00000000000
 0.00000000000 0.00000000000 0.00000000000 0.00000000000 0.00000000000 0.00000000000 0.00000000000 0.00000000000
# sel_devs_ats:
 0.00000000000 0.00000000000 0.00000000000 0.00000000000 0.00000000000 0.00000000000 0.00000000000
 0.00000000000 0.00000000000 0.00000000000 0.00000000000 0.00000000000 0.00000000000 0.00000000000
 0.00000000000 0.00000000000 0.00000000000 0.00000000000 0.00000000000 0.00000000000 0.00000000000
 0.00000000000 0.00000000000 0.00000000000 0.00000000000 0.00000000000 0.00000000000 0.00000000000
 0.00000000000 0.00000000000 0.00000000000 0.00000000000 0.00000000000 0.00000000000 0.00000000000
 0.00000000000 0.00000000000 0.00000000000 0.00000000000 0.00000000000 0.00000000000 0.00000000000
 0.00000000000 0.00000000000 0.00000000000 0.00000000000 0.00000000000 0.00000000000 0.00000000000
 0.00000000000 0.00000000000 0.00000000000 0.00000000000 0.00000000000 0.00000000000 0.00000000000
 0.00000000000 0.00000000000 0.00000000000 0.00000000000 0.00000000000 0.00000000000 0.00000000000
 0.00000000000 0.00000000000 0.00000000000 0.00000000000 0.00000000000 0.00000000000 0.00000000000
 0.00000000000 0.00000000000 0.00000000000 0.00000000000 0.00000000000 0.00000000000 0.00000000000
 0.00000000000 0.00000000000 0.00000000000 0.00000000000 0.00000000000 0.00000000000 0.00000000000
 0.00000000000 0.00000000000 0.00000000000 0.00000000000 0.00000000000 0.00000000000 0.00000000000
 0.00000000000 0.00000000000 0.00000000000 0.00000000000 0.00000000000 0.00000000000 0.00000000000
 0.00000000000 0.00000000000 0.00000000000 0.00000000000 0.00000000000 0.00000000000 0.00000000000
 0.00000000000 0.00000000000 0.00000000000 0.00000000000 0.00000000000 0.00000000000 0.00000000000
 0.00000000000 0.00000000000 0.00000000000 0.00000000000 0.00000000000 0.00000000000 0.00000000000
 0.00000000000 0.00000000000 0.00000000000 0.00000000000 0.00000000000 0.00000000000 0.00000000000
# sel_coffs_fsh:
 -4.09386157095 -2.16021631906 -0.877967883273 0.359370596677 0.339531329694 0.310233293526 0.269667433254 0.229103041289 0.193833089404 0.166005333192 0.144059336943 0.127074856552
# sel_coffs_bts:
 -0.0100000000000 -0.0100000000000 -0.0100000000000 -0.0100000000000 -0.0100000000000 -0.0100000000000 -0.0100000000000 -0.0100000000000
# sel_coffs_ats:
 -0.276843416545 -0.166077140892 0.0396946187755 0.0957444474432 0.149512743703 0.235290043314 0.295234973074
# sel_slp_bts:
1.04369435053
# sel_a50_bts:
6.22062423123
# sel_age_one_bts:
-3.29208916643
# sel_slp_bts_dev:
 -0.689560856830 0.0866812236877 0.130059994912 -0.299151816634 -0.285958127896 -0.301254946557 -0.303591633819 -0.165458996946 0.360254953985 0.119062713282 0.0438095757024 0.257572518099 0.237585063758 0.150905447985 -0.207747610213 -0.282061140789 -0.529086297372 -0.510129543677 -0.299841932297 -0.470813180172 -0.116901478853 0.107938624208 -0.0123098123311 0.0700612723385 -0.201555319808 0.194570150962 0.318434686378 0.128005702909 0.649678680541 0.453049745751 0.159439486863 0.308309924802 0.396450927786 0.340783541899 0.227269309759 0.239622980158 -0.101240966427 0.0458736976780 -0.0632293169839 -0.142153217948 -0.0433740278901
# sel_a50_bts_dev:
 -0.0879239952394 -0.185971002185 -0.0707287451584 0.0453494954394 0.0527445544573 -2.32159466980e-05 -0.126822300578 -0.172579710390 -0.216143252021 -0.103236139113 -0.114500778956 -0.164664123031 -0.0876803381987 0.00569554169629 0.188647836765 0.205071204001 0.303144535636 0.220655876891 0.123436812353 0.173125837477 0.0685817572542 0.0218315010515 0.0651237151343 0.0159375446249 0.129032121130 -0.0360841353346 -0.0537613499927 -0.00463421836945 -0.190004178285 -0.0746794755544 -0.0320753145899 -0.0604834377926 -0.0744652596633 -0.0880149842704 -0.0549712287603 -0.0289012540045 0.134972167744 0.00159797383891 0.0751622960059 0.141214208634 0.0570234573025
# sel_age_one_bts_dev:
 -0.0495603182498 0.00662106637972 0.103467626983 -0.181624144268 -0.310982349400 -0.150191372326 -0.281592740407 -0.102692049246 0.0754382259649 -0.169275220627 -0.0321245317744 0.0191539138467 -0.111138197701 -0.134024401759 -0.103375450073 -0.0214959808720 0.0102750733077 0.0794496430459 0.170107131674 0.0662569280044 0.0814810460374 0.207817198727 0.0467961286977 -0.0119479869126 -0.0171721603423 -0.00974264674804 0.204563779443 0.303241921331 0.293199680752 -0.0822482336555 0.0464253781718 0.215336689335 -0.0477228027333 -0.268845697989 -0.325349280571 -0.227454073777 0.0803612045827 0.240164400356 0.160031631245 0.0798992947043 0.148471676845
# sel_dif1_fsh:
1.00000000000
# sel_a501_fsh:
3.00000000000
# sel_trm2_fsh:
0.900000000000
# sel_dif2_fsh:
5.00000000000
# sel_dif1_fsh_dev:
 0.00000000000 0.00000000000 0.00000000000 0.00000000000 0.00000000000 0.00000000000 0.00000000000 0.00000000000 0.00000000000 0.00000000000 0.00000000000 0.00000000000 0.00000000000 0.00000000000 0.00000000000 0.00000000000 0.00000000000 0.00000000000 0.00000000000 0.00000000000 0.00000000000 0.00000000000 0.00000000000 0.00000000000 0.00000000000 0.00000000000 0.00000000000 0.00000000000 0.00000000000 0.00000000000 0.00000000000 0.00000000000 0.00000000000 0.00000000000 0.00000000000 0.00000000000 0.00000000000 0.00000000000 0.00000000000 0.00000000000 0.00000000000 0.00000000000 0.00000000000 0.00000000000 0.00000000000 0.00000000000 0.00000000000 0.00000000000 0.00000000000 0.00000000000 0.00000000000 0.00000000000 0.00000000000 0.00000000000 0.00000000000 0.00000000000 0.00000000000 0.00000000000 0.00000000000
# sel_a501_fsh_dev:
 0.00000000000 0.00000000000 0.00000000000 0.00000000000 0.00000000000 0.00000000000 0.00000000000 0.00000000000 0.00000000000 0.00000000000 0.00000000000 0.00000000000 0.00000000000 0.00000000000 0.00000000000 0.00000000000 0.00000000000 0.00000000000 0.00000000000 0.00000000000 0.00000000000 0.00000000000 0.00000000000 0.00000000000 0.00000000000 0.00000000000 0.00000000000 0.00000000000 0.00000000000 0.00000000000 0.00000000000 0.00000000000 0.00000000000 0.00000000000 0.00000000000 0.00000000000 0.00000000000 0.00000000000 0.00000000000 0.00000000000 0.00000000000 0.00000000000 0.00000000000 0.00000000000 0.00000000000 0.00000000000 0.00000000000 0.00000000000 0.00000000000 0.00000000000 0.00000000000 0.00000000000 0.00000000000 0.00000000000 0.00000000000 0.00000000000 0.00000000000 0.00000000000 0.00000000000
# sel_trm2_fsh_dev:
 0.00000000000 0.00000000000 0.00000000000 0.00000000000 0.00000000000 0.00000000000 0.00000000000 0.00000000000 0.00000000000 0.00000000000 0.00000000000 0.00000000000 0.00000000000 0.00000000000 0.00000000000 0.00000000000 0.00000000000 0.00000000000 0.00000000000 0.00000000000 0.00000000000 0.00000000000 0.00000000000 0.00000000000 0.00000000000 0.00000000000 0.00000000000 0.00000000000 0.00000000000 0.00000000000 0.00000000000 0.00000000000 0.00000000000 0.00000000000 0.00000000000 0.00000000000 0.00000000000 0.00000000000 0.00000000000 0.00000000000 0.00000000000 0.00000000000 0.00000000000 0.00000000000 0.00000000000 0.00000000000 0.00000000000 0.00000000000 0.00000000000 0.00000000000 0.00000000000 0.00000000000 0.00000000000 0.00000000000 0.00000000000 0.00000000000 0.00000000000 0.00000000000 0.00000000000
# rec_dev_future:
 0.00000000000 0.00000000000 0.00000000000 0.00000000000 0.00000000000
# M_dev:
 0.00000000000 0.00000000000 0.00000000000 0.00000000000 0.00000000000 0.00000000000 0.00000000000 0.00000000000 0.00000000000 0.00000000000 0.00000000000 0.00000000000 0.00000000000 0.00000000000 0.00000000000 0.00000000000 0.00000000000 0.00000000000 0.00000000000 0.00000000000 0.00000000000 0.00000000000 0.00000000000 0.00000000000 0.00000000000 0.00000000000 0.00000000000 0.00000000000 0.00000000000 0.00000000000 0.00000000000 0.00000000000 0.00000000000 0.00000000000 0.00000000000 0.00000000000 0.00000000000 0.00000000000 0.00000000000 0.00000000000 0.00000000000 0.00000000000 0.00000000000 0.00000000000 0.00000000000 0.00000000000 0.00000000000 0.00000000000 0.00000000000 0.00000000000 0.00000000000 0.00000000000 0.00000000000 0.00000000000 0.00000000000 0.00000000000 0.00000000000 0.00000000000
# L1:
28.2470133665
# L2:
45.8842781324
# log_alpha:
-11.0000000000
# log_K:
-0.136905722862
# d_scale:
 0.529018265187 0.705356973384 0.760677572844 0.824102123289 0.864015758976 0.927487636822 0.975130660804 0.973189185491 0.995765989141 0.937975941538 0.957916009345 0.866070512184 1.01652047392
# coh_eff:
 0.00000000000 0.00000000000 0.00000000000 0.00000000000 0.00000000000 0.00000000000 0.00000000000 0.00000000000 0.00000000000 0.00000000000 0.00000000000 0.00000000000 0.00000000000 0.00000000000 0.00000000000 0.00000000000 -0.172649884789 0.302071824059 0.0492174340965 0.554599703440 -0.406497089531 0.586361308470 -0.512198553385 0.455041919909 0.0522172067195 -0.0879720059248 -0.495679293239 -0.643041265206 0.539852301858 0.596785041375 1.01695612140 -0.125522404185 0.531347615578 -0.0961551516848 -1.06756376383 -0.979677282274 -1.01143444365 0.859453555309 1.86873198245 0.497707082108 -1.08685962871 -0.136488706016 0.970785689265 0.442229458029 0.406269870036 -0.101726713793 0.371450011931 0.881504674114 1.51617771940 0.417051485731 -0.881764376077 -1.20102988263 -0.477949455082 -1.75658895555 -0.791630814628 -1.58742498245 -2.10250895513 -1.96263192540 -1.21162865214 0.726928117322 0.815169494346 -0.0105976871376 0.291957858880 0.393110825254 1.35611188674 0.559723481423 0.246436113505 0.258685143990 0.00000000000 0.00000000000
# yr_eff:
 0.00000000000 0.167835133290 -0.0111254275305 0.299255044645 0.366257467678 1.46826968625 0.482313487283 2.01830777811 0.404540674872 1.11822907159 1.17361508814 0.857110033785 0.0455875219492 0.773990927719 -0.681774440165 -0.0201844769530 -1.56532758349 -0.753794109816 -1.15202164256 -0.898459882544 0.392858625823 -0.00101701629124 0.0953392535931 0.946148900186 -0.0772632390319 -0.512640186978 -0.801224335920 -0.327889703617 -0.677369563909 -0.443875143232 -0.373219464341 0.497412019253 -0.0852899623597 -0.188019667060 -0.471864625319 -0.983680136711 -0.248977689610 0.964926222582 0.324608292993 1.51173974366 0.551115109821 0.744452346352 0.00722407843718 0.483611935011 0.624520017469 -2.44959632384 -0.538603618760 -0.214819073226 -1.12295686008 0.745621315996 -1.92540054332 -1.96727915679 0.520415295931 0.00000000000 0.00000000000 0.00000000000 0.00000000000 0.00000000000
# resid_temp_x1:
0.00000000000
# resid_temp_x2:
0.00000000000
# log_a_II:
 -6.00000000000 -6.00000000000 -6.00000000000
 -6.00000000000 -6.00000000000 -6.00000000000
# log_b_II:
 6.00000000000 6.00000000000 6.00000000000
 6.00000000000 6.00000000000 6.00000000000
# log_a_II_vec:
 -4.00000000000 -4.00000000000
# log_b_II_vec:
 2.50000000000 2.50000000000
# log_rho:
 -2.50000000000 -2.50000000000 -2.50000000000
 -2.50000000000 -2.50000000000 -2.50000000000
# log_resid_M:
 -1.45000000000 -1.45000000000 -1.45000000000
