# Number of parameters = 1218 Objective function value = 717.523337635039  Maximum gradient component = 0.000625905664225135
# log_avgrec:
9.82718577906
# log_avginit:
4.81597726737
# log_avg_F:
-1.41909914841
# natmort_phi:
0.00000000000
# log_q_bts:
0.00000000000
# log_q_std_area:
-0.600000000000
# bt_slope:
0.00000000000
# log_q_ats:
-0.615556131574
# log_Rzero:
10.0729728278
# steepness:
0.622120711669
# log_q_cpue:
0.101013658323
# log_q_avo:
-8.18718930073
# log_initdevs:
 3.31651452208 2.83295559095 1.29811279730 0.470948293552 1.14532304772 0.351401552227 -0.786217612689 -1.24263613044 -1.23564287911 -1.23066017309 -1.22754052913 -1.22916269247 -1.23075099224 -1.23264610650
# log_rec_devs:
 -1.06894429440 0.121472249936 -0.209933304914 0.317835098827 0.174810823019 0.342331885480 0.236007175040 -0.252933832040 -0.455349316323 0.366148051769 0.0484023186135 -0.121294028156 -0.384488193296 -0.332270447352 0.273079542325 1.12410199940 0.385981084530 0.542734690056 -0.0156214439808 1.01398937902 -0.278935077435 0.562854173769 -0.391817412823 -0.963237943910 -1.22869044833 -0.488847402504 0.980533911273 0.353524785184 0.200944792496 0.880956426597 -0.197806057238 -0.555039403349 0.173201365240 0.472864358615 -0.243950194479 -0.160908674681 0.270453881705 0.612864589724 0.203181401569 -0.273349242541 -1.07252611858 -1.42382831729 -0.500987337716 0.279441701896 -0.353533128343 0.963332371637 0.190147395659 -0.307661543264 -0.451701450554 0.836012992918 0.973179972959 0.135970681300 -0.838105647390 -0.837873513683 -0.115963904911 1.47640871785 0.0967759440775 -0.491847228694 -0.478320300729 -0.100487296791 -0.0132895647772
# larv_rec_devs:
 0.00000000000 0.00000000000 0.00000000000 0.00000000000 0.00000000000 0.00000000000 0.00000000000 0.00000000000 0.00000000000 0.00000000000 0.00000000000
 0.00000000000 0.00000000000 0.00000000000 0.00000000000 0.00000000000 0.00000000000 0.00000000000 0.00000000000 0.00000000000 0.00000000000 0.00000000000
 0.00000000000 0.00000000000 0.00000000000 0.00000000000 0.00000000000 0.00000000000 0.00000000000 0.00000000000 0.00000000000 0.00000000000 0.00000000000
 0.00000000000 0.00000000000 0.00000000000 0.00000000000 0.00000000000 0.00000000000 0.00000000000 0.00000000000 0.00000000000 0.00000000000 0.00000000000
 0.00000000000 0.00000000000 0.00000000000 0.00000000000 0.00000000000 0.00000000000 0.00000000000 0.00000000000 0.00000000000 0.00000000000 0.00000000000
 0.00000000000 0.00000000000 0.00000000000 0.00000000000 0.00000000000 0.00000000000 0.00000000000 0.00000000000 0.00000000000 0.00000000000 0.00000000000
 0.00000000000 0.00000000000 0.00000000000 0.00000000000 0.00000000000 0.00000000000 0.00000000000 0.00000000000 0.00000000000 0.00000000000 0.00000000000
 0.00000000000 0.00000000000 0.00000000000 0.00000000000 0.00000000000 0.00000000000 0.00000000000 0.00000000000 0.00000000000 0.00000000000 0.00000000000
 0.00000000000 0.00000000000 0.00000000000 0.00000000000 0.00000000000 0.00000000000 0.00000000000 0.00000000000 0.00000000000 0.00000000000 0.00000000000
 0.00000000000 0.00000000000 0.00000000000 0.00000000000 0.00000000000 0.00000000000 0.00000000000 0.00000000000 0.00000000000 0.00000000000 0.00000000000
 0.00000000000 0.00000000000 0.00000000000 0.00000000000 0.00000000000 0.00000000000 0.00000000000 0.00000000000 0.00000000000 0.00000000000 0.00000000000
# log_F_devs:
 -0.652281702536 -0.627345447099 -0.705131805800 -0.164994471395 -0.178914625160 -0.136810903017 0.225957266375 0.572908869651 0.683722766792 0.814051198857 0.877296807816 0.684199804197 0.575223680754 0.464114921023 0.558135612166 0.609392191494 0.547254429663 0.242525434718 -0.190760406731 -0.389534828601 -0.430428057470 -0.434035355604 -0.518871214286 -0.835739898047 -0.529114917697 -0.501252577024 -0.0875977146698 0.120737873914 0.427858692975 -0.00159311773097 -0.248932260456 -0.266027580880 -0.0940716469822 -0.0626710923889 -0.242014530833 -0.476499202266 -0.380764291936 -0.243661367361 -0.0790708527310 -0.00326367835640 -0.104666570536 -0.167236284916 0.0411145642933 0.124117050573 0.234857002587 0.215776298740 0.0365119092978 0.346283253067 0.358254895079 0.310404822760 0.257031692075 0.338019684480 0.0207280684178 -0.00584344215910 -0.222922807674 -0.109984839890 0.123219002291 0.0654462833949 -0.285100026302 -0.301308257934 -0.196698300981
# sigr:
1.00000000000
# sel_devs_fsh:
 0.0525371923051 0.0924999912271 0.143079858868 -0.0413933227081 -0.0416274827948 -0.0558871032365 -0.0478696483656 -0.0386499399891 -0.0277492188437 -0.0181417581217 -0.0108575502350 -0.00594112215602
 0.0598544192238 0.0997333001411 0.242905621004 -0.132229403512 -0.0948695961311 -0.0735036548638 -0.0521620595350 -0.0325213879634 -0.0194893901739 -0.00812373706308 0.00141031975897 0.00899556177671
 0.124668612250 0.0998366725926 0.00628082588791 -0.00628524082653 -0.0472469548823 -0.0513604959374 -0.0483756001952 -0.0374893456940 -0.0241137646190 -0.0118232519506 -0.00395871587773 -0.000132228183050
 0.131799908346 0.0666771391842 0.156680443947 -0.105679855217 -0.101903770089 -0.0924673476522 -0.0789814807625 -0.0231159716608 -0.00453662797607 0.0105750858498 0.0176693218887 0.0232830545675
 0.187810287815 0.136805898476 -0.0324753094859 -0.252394842128 -0.122936116782 -0.107569051944 -0.0495306600959 0.0101303564275 0.0370753499997 0.0529766666836 0.0599772525403 0.0801291731434
 0.0103796421376 0.0287668768753 -0.0801608660261 -0.0491440136213 -0.00140997522062 -0.0145155514179 -0.0491417409797 0.00650515821286 0.0278153425329 0.0331014192506 0.0376586825756 0.0501456385565
 -0.232711724028 0.197862801643 0.116696567286 0.0803775429240 -0.0210137654254 -0.00761404830331 -0.0171982213307 -0.0308607475545 -0.0138856682390 -0.0162232256942 -0.0226436704932 -0.0327858892410
 -0.253211354687 0.107709902639 0.0696092910222 0.0501745367964 0.0392764166540 0.0488934785750 0.0286206752373 2.89359905992e-05 -0.0102997451272 -0.0174809660184 -0.0255689238982 -0.0377523505938
 -0.210723907591 0.145979075775 0.181096139060 0.0373679583544 0.00774155267316 -0.00342105879295 -0.00275962768317 -0.0281018647459 -0.0211639960756 -0.0250130935639 -0.0324907640045 -0.0485104583237
 -0.193841419176 -0.174947442145 0.130674781809 0.0807704378417 0.0443154331304 0.0369595668302 0.0349010036190 -0.00331096588095 0.00567801414311 0.0129623290845 0.0128456563753 0.0129924702427
 -0.192479988718 -0.0721696531166 -0.0840461591095 0.0901255743537 0.0755158668061 0.0630734953309 0.0563321914003 0.0155020775544 0.0118848619195 0.0131446251962 0.0124219192605 0.0106954933047
 -0.182685057651 0.0178835666983 -0.132280675612 -0.0528104968197 0.0576600678243 0.0618945356919 0.0606813204783 0.0358376700704 0.0283124579493 0.0340732393189 0.0352988957775 0.0361356113297
 -0.223886228831 -0.140852831121 -0.0441385244051 -0.0296973785866 0.0435355040624 0.0540633495163 0.0681770707885 0.0678178230048 0.0549979317830 0.0494445315622 0.0505617981597 0.0499771760010
 -0.179537116092 -0.379621239933 -0.172977850709 -0.0429638887614 0.0824076937401 0.140056873453 0.123472512495 0.123491768897 0.0992491123261 0.0717833727001 0.0684771394147 0.0661624153442
 -0.198428229950 -0.487293317764 -0.274633855230 0.0658579426054 0.115040458883 0.151158629627 0.148212285226 0.139380421956 0.0948500130526 0.0839608362603 0.0824468738099 0.0794469830526
 -0.164876514040 -0.272784121008 -0.279676650900 -0.0226258448045 0.116755284787 0.0849246904462 0.0935154811948 0.0978558149219 0.0922530277905 0.0860141348219 0.0835584847829 0.0850865775381
 -0.130234540501 -0.101819677279 -0.300704782957 -0.0210381270096 0.0259880700335 0.0653758343250 0.0648885090680 0.0734411799158 0.0778718985481 0.0797225916154 0.0817365925105 0.0847707208658
 -0.147186598340 0.102924040655 -0.0845555056788 -0.162094784392 -0.0762014899189 0.0425899391744 0.0363895053274 0.0328614266624 0.0513985939077 0.0594990667483 0.0687042939357 0.0756705595942
 -0.135770767916 -0.150464628965 0.0631133205507 -0.0679945003470 0.0615522860734 0.00691357046560 0.0350564573814 0.0267453801705 0.0271795800224 0.0324272678868 0.0467843223250 0.0544579496841
 -0.151681120446 0.0457750208267 0.139483476160 -0.0778142099385 -0.229996590163 0.0734573342223 0.0425229028472 0.0423708057415 0.0183093078512 0.0241973074727 0.0332070678273 0.0401685474979
 -0.159423822022 -0.0309351514668 0.0777471298013 0.164480441341 -0.0159638696944 -0.0742963263847 0.0222444615521 -0.0306661220913 0.0229735514725 0.00367718528477 0.00253239763959 0.0176298167402
 -0.161061356873 -0.0780097433893 0.122345195182 -0.0839408691132 0.0139260061413 -0.0374013904475 -0.0958531244408 0.136144164664 0.0865076873016 0.0636190763879 0.0280396276783 0.00568468132480
 -0.194274894798 -0.114702410366 0.461231641267 0.0451778985458 0.124459677759 -0.0526488915256 0.133624215594 -0.0935516069007 -0.0905009240447 -0.112041958582 -0.0655623388452 -0.0412083597412
 -0.162909129831 -0.0738074096180 -0.382388233475 0.167676566005 0.0364676981571 0.0825901511963 0.127054375527 0.105123823057 0.0260596141712 0.0689095130709 0.0215953730032 -0.0163720498028
 -0.153411331917 -0.0416484351275 -0.345603671535 0.0383767948952 0.183454684957 0.0585035944125 -0.0281465832060 0.0457857053581 0.0593510091251 -0.0170293497109 0.128427288810 0.0719400246258
 -0.0808218238331 0.00260207304050 -0.371011125284 -0.322501579064 -0.223306822376 -0.0621928084249 0.126687794383 -0.0284438993694 0.165125630506 0.104494416144 0.353638314267 0.335730071237
 -0.156465114213 -0.0672141958365 0.503110643740 -0.261922686068 -0.344253626771 -0.0429310069268 -0.0279181464214 0.215256430131 0.108117651538 0.233138267614 -0.113107301602 -0.0458120697953
 -0.144820578525 -0.489520474598 -0.0305295932415 0.796221840015 -8.75584088567e-05 0.0152705629753 0.0857940701804 0.0254098308749 -0.0125710995215 -0.0511606135824 -0.124657256984 -0.0693469913866
 -0.0509088155431 0.00936656192216 -0.776684895788 -0.295396624545 0.908104595424 0.259696473518 0.0249927340155 -0.0247325274673 -0.0332836028981 -0.00732692349730 0.0217356430254 -0.0355652444704
 -0.0207909219892 0.186478714087 -0.288914486697 -0.687634643312 -0.358722354909 0.466112878751 0.148336255390 0.163764182359 0.133717763004 0.116440303042 0.0859285343590 0.0552820190667
 -0.0354215711071 0.515626822893 0.280186236284 -0.792684204136 -0.743908467200 -0.356805920730 0.274922325180 0.306740078856 0.226036498326 0.154351782017 0.0998250697442 0.0711192680512
 -0.134984859617 0.347176522049 0.155108375688 0.658927752025 -0.0159681267165 -0.410216578238 -0.412971541853 -0.301826698262 -0.00416520618709 0.0317602375652 0.0401543442331 0.0470051837975
 -0.107500594825 -0.382122121750 0.281014633857 0.240059960377 0.197289934626 0.278533212933 -0.242108185274 -0.0662757274746 -0.0732211056638 -0.0470625094262 -0.0448670851921 -0.0337405051340
 -0.153222873535 -0.379079070629 0.828154268584 0.459914035797 0.150788346360 -0.237076494361 0.250460238366 -0.113814963025 -0.280951413848 -0.245740651637 -0.176719083965 -0.102703351379
 -0.0806721352424 -0.152701795974 -0.549369672025 0.304749797198 0.422183210020 0.0117267831759 -0.0216450843847 0.234153633230 0.0190480935853 -0.0545991816074 -0.0550464118784 -0.0778267311310
 -0.0357816673708 -0.203574874396 -0.453727006964 -0.299409711920 0.259312122852 0.617399095813 0.136610130568 -0.0943405149049 0.0325502374994 0.0378828430696 0.0236987820019 -0.0206185708346
 -0.0799376503967 0.170572955093 0.0743431880166 -0.0156583919844 -0.223509491397 0.0621926683976 0.0797412738114 0.0661813889100 0.0479072280853 -0.0209440322667 -0.0844535946372 -0.0764355185494
 -0.0843912539525 -0.335439066240 0.679532820916 -0.0632108542162 0.0334861342068 -0.172039946078 0.0382649410859 0.0432329969104 0.00974425518886 -0.00860043776885 -0.0748503727028 -0.0657297005189
 -0.0397286741064 -0.146660648206 -0.667061383872 0.731411338588 0.0305721336739 -0.118207136982 -0.00462037974880 0.0244146595672 0.0483312282455 0.0538724800214 0.0726675671195 0.0150099354044
 -0.0687007539165 0.0754371240636 0.00219398745990 -0.325090813173 0.439620483898 0.254769074235 -0.111547695541 -0.157242147399 -0.0613514150596 0.00239944071917 -0.00109295326114 -0.0493933787635
 -0.0968178943854 0.0932384212636 0.562872808163 -0.0737700741588 -0.304640154609 -0.0495687178011 -0.0593372771426 -0.0297653072611 -0.0761650547281 -0.0336511498391 0.0184437981163 0.0491592360182
 -0.0563094994818 0.0331190316758 -0.0518384355890 0.0168650299716 -0.0434328608378 0.00804294805700 0.0282017600130 -0.0595733626891 -0.0277298973290 0.00303960265727 0.0515532494986 0.0980597822770
 -0.00550561065910 -0.0675704716030 -0.541573908442 -0.137305861868 -0.0745807191532 0.0431104224532 0.0611835640957 0.130295302923 0.146090101413 0.0807165244915 0.167839289774 0.197302078985
 -0.0348547899820 -0.344606834494 0.186639312303 0.0380523512938 -0.145196676793 -0.0839558425377 -0.0454340990291 -0.0104433609277 0.00766513885228 0.152787150795 0.152469747812 0.126877524750
 0.00469574963352 0.0790425693641 -0.606749659524 0.435702759442 0.161431332939 -0.251434904086 -0.0655297073953 0.0931709612744 0.0960491041461 0.0286792879312 -0.0311662819012 0.0561083040946
 0.0109503068439 -0.0550285333828 0.0409597971440 -1.07227803848 0.419968348050 0.353689167107 0.128061796952 0.0182372432850 0.0262237411694 0.0962318556265 0.0598329056374 -0.0268453175124
 -0.0232525024625 0.198772663842 0.185594205148 0.608493742889 -1.08845711208 -0.0213843350370 0.00690461926020 0.0358870795268 0.0222373902276 -0.0398073867092 0.0316503667100 0.0833668671617
 0.0116865379825 -0.202256794581 0.0250810341734 -0.129437291746 0.503570103454 -0.622239967899 -0.137654797022 0.0642372084204 0.130343808083 0.143925194076 0.113057260385 0.0996877239252
 -0.0187351944406 0.151306405842 -0.0372492988940 -0.141436306039 -0.0997255619710 0.286693483422 0.124210623545 -0.145263568481 -0.120708367355 0.000712550706736 -0.00324823597342 0.00344381493092
 -0.0131090474143 -0.515155191678 1.08755232148 0.191103643021 -0.175333162653 -0.0935922783434 -0.165548594494 -0.130828308052 -0.114838226693 -0.0339091104085 -0.0209666556518 -0.0153700161856
 0.0708838866745 -0.110893229888 -1.45781449866 1.07304798904 0.300933054277 0.0285468222683 -0.0708978264830 0.232962633960 0.0822531631420 -0.0863700538889 -0.0273301464333 -0.0353218023245
 0.0595109725450 0.144403863476 -0.289013315170 -1.10598361107 0.609958718621 0.348832849274 0.211603433478 -0.0749432320775 0.105252519432 0.0492489889516 -0.0304967199059 -0.0283741752810
 0.0362953412950 0.193732073854 0.0692535306026 -0.545393271836 0.0585134224309 0.207831841626 0.116113272097 0.110464013425 -0.0504153506808 -0.0758063448329 -0.0692963477441 -0.0512927395971
 0.0970498400611 0.770601356900 0.145649248467 -0.639495768694 -1.36935373009 0.0750203110914 0.486251912878 0.272782115148 0.174128324934 0.152911859527 -0.0524895328769 -0.113055841170
 0.148071383975 1.00221704137 0.652594599454 0.746937624399 0.215413426570 -0.524705549323 -0.648276680243 -0.608271382541 -0.344715129799 -0.297204090567 -0.146465673059 -0.195595680631
 -0.0299276098907 0.449961438196 0.924633560782 -0.173494806205 -0.118524363932 -0.576310852928 -0.169362307273 0.103022935711 -0.120699344981 -0.122298291873 -0.100534770347 -0.0664659682943
 0.000420405358417 0.173042152002 -0.276242846378 0.617105903011 0.0921424245431 -0.0422070745108 -0.201326351359 -0.0535021535738 -0.105890691493 -0.172919350837 -0.0306890453492 6.64243365636e-05
 0.0228838810503 -0.362981404833 -0.0773495028237 0.0196200300797 0.590592462273 0.273943971586 -0.302244453390 -0.179261055366 -0.0266089231712 0.0279022011605 -0.00705700523472 0.0205598201551
 4.14797257520e-06 0.00358034366565 0.00543507928070 0.128574504225 -0.136000691058 -0.104153646088 0.00798597657670 -0.0257572201746 -0.0286066716978 0.00792420754792 0.0344484917335 0.106565517270
# sel_devs_bts:
 0.00000000000 0.00000000000 0.00000000000 0.00000000000 0.00000000000 0.00000000000 0.00000000000 0.00000000000
 0.00000000000 0.00000000000 0.00000000000 0.00000000000 0.00000000000 0.00000000000 0.00000000000 0.00000000000
 0.00000000000 0.00000000000 0.00000000000 0.00000000000 0.00000000000 0.00000000000 0.00000000000 0.00000000000
 0.00000000000 0.00000000000 0.00000000000 0.00000000000 0.00000000000 0.00000000000 0.00000000000 0.00000000000
 0.00000000000 0.00000000000 0.00000000000 0.00000000000 0.00000000000 0.00000000000 0.00000000000 0.00000000000
 0.00000000000 0.00000000000 0.00000000000 0.00000000000 0.00000000000 0.00000000000 0.00000000000 0.00000000000
 0.00000000000 0.00000000000 0.00000000000 0.00000000000 0.00000000000 0.00000000000 0.00000000000 0.00000000000
 0.00000000000 0.00000000000 0.00000000000 0.00000000000 0.00000000000 0.00000000000 0.00000000000 0.00000000000
 0.00000000000 0.00000000000 0.00000000000 0.00000000000 0.00000000000 0.00000000000 0.00000000000 0.00000000000
 0.00000000000 0.00000000000 0.00000000000 0.00000000000 0.00000000000 0.00000000000 0.00000000000 0.00000000000
 0.00000000000 0.00000000000 0.00000000000 0.00000000000 0.00000000000 0.00000000000 0.00000000000 0.00000000000
 0.00000000000 0.00000000000 0.00000000000 0.00000000000 0.00000000000 0.00000000000 0.00000000000 0.00000000000
 0.00000000000 0.00000000000 0.00000000000 0.00000000000 0.00000000000 0.00000000000 0.00000000000 0.00000000000
 0.00000000000 0.00000000000 0.00000000000 0.00000000000 0.00000000000 0.00000000000 0.00000000000 0.00000000000
 0.00000000000 0.00000000000 0.00000000000 0.00000000000 0.00000000000 0.00000000000 0.00000000000 0.00000000000
 0.00000000000 0.00000000000 0.00000000000 0.00000000000 0.00000000000 0.00000000000 0.00000000000 0.00000000000
 0.00000000000 0.00000000000 0.00000000000 0.00000000000 0.00000000000 0.00000000000 0.00000000000 0.00000000000
 0.00000000000 0.00000000000 0.00000000000 0.00000000000 0.00000000000 0.00000000000 0.00000000000 0.00000000000
 0.00000000000 0.00000000000 0.00000000000 0.00000000000 0.00000000000 0.00000000000 0.00000000000 0.00000000000
 0.00000000000 0.00000000000 0.00000000000 0.00000000000 0.00000000000 0.00000000000 0.00000000000 0.00000000000
 0.00000000000 0.00000000000 0.00000000000 0.00000000000 0.00000000000 0.00000000000 0.00000000000 0.00000000000
 0.00000000000 0.00000000000 0.00000000000 0.00000000000 0.00000000000 0.00000000000 0.00000000000 0.00000000000
 0.00000000000 0.00000000000 0.00000000000 0.00000000000 0.00000000000 0.00000000000 0.00000000000 0.00000000000
 0.00000000000 0.00000000000 0.00000000000 0.00000000000 0.00000000000 0.00000000000 0.00000000000 0.00000000000
 0.00000000000 0.00000000000 0.00000000000 0.00000000000 0.00000000000 0.00000000000 0.00000000000 0.00000000000
 0.00000000000 0.00000000000 0.00000000000 0.00000000000 0.00000000000 0.00000000000 0.00000000000 0.00000000000
 0.00000000000 0.00000000000 0.00000000000 0.00000000000 0.00000000000 0.00000000000 0.00000000000 0.00000000000
 0.00000000000 0.00000000000 0.00000000000 0.00000000000 0.00000000000 0.00000000000 0.00000000000 0.00000000000
 0.00000000000 0.00000000000 0.00000000000 0.00000000000 0.00000000000 0.00000000000 0.00000000000 0.00000000000
 0.00000000000 0.00000000000 0.00000000000 0.00000000000 0.00000000000 0.00000000000 0.00000000000 0.00000000000
 0.00000000000 0.00000000000 0.00000000000 0.00000000000 0.00000000000 0.00000000000 0.00000000000 0.00000000000
 0.00000000000 0.00000000000 0.00000000000 0.00000000000 0.00000000000 0.00000000000 0.00000000000 0.00000000000
 0.00000000000 0.00000000000 0.00000000000 0.00000000000 0.00000000000 0.00000000000 0.00000000000 0.00000000000
 0.00000000000 0.00000000000 0.00000000000 0.00000000000 0.00000000000 0.00000000000 0.00000000000 0.00000000000
 0.00000000000 0.00000000000 0.00000000000 0.00000000000 0.00000000000 0.00000000000 0.00000000000 0.00000000000
 0.00000000000 0.00000000000 0.00000000000 0.00000000000 0.00000000000 0.00000000000 0.00000000000 0.00000000000
 0.00000000000 0.00000000000 0.00000000000 0.00000000000 0.00000000000 0.00000000000 0.00000000000 0.00000000000
 0.00000000000 0.00000000000 0.00000000000 0.00000000000 0.00000000000 0.00000000000 0.00000000000 0.00000000000
 0.00000000000 0.00000000000 0.00000000000 0.00000000000 0.00000000000 0.00000000000 0.00000000000 0.00000000000
 0.00000000000 0.00000000000 0.00000000000 0.00000000000 0.00000000000 0.00000000000 0.00000000000 0.00000000000
 0.00000000000 0.00000000000 0.00000000000 0.00000000000 0.00000000000 0.00000000000 0.00000000000 0.00000000000
 0.00000000000 0.00000000000 0.00000000000 0.00000000000 0.00000000000 0.00000000000 0.00000000000 0.00000000000
# sel_devs_ats:
 0.321087844270 0.332011744230 0.305931273884 0.298824902307 0.315418963769 0.320648245966 0.316304296340
 0.361779344656 0.361927721854 0.357105379909 0.349646318501 0.352539501143 0.358264307153 0.361215255010
 0.433433475124 0.425941405790 0.395665243343 0.409202710812 0.396797989617 0.401376761626 0.392002836270
 0.406098078467 0.488487617054 0.479125405541 0.441657340996 0.448405823548 0.453155638202 0.427250007328
 0.436823991278 0.523160474870 0.518213737853 0.483249851829 0.475633800761 0.490925771974 0.464452273841
 0.473951753551 0.497136962610 0.553508442748 0.518160090016 0.523929692457 0.494895341494 0.500191562539
 0.544630530754 0.539017291116 0.522333895453 0.550721444961 0.555670866190 0.537024012143 0.521939525697
 0.548627701872 0.565112247660 0.553514702988 0.567176852591 0.572811624962 0.559593291626 0.543143843476
 0.514900628686 0.512914924414 0.584817520013 0.601147908686 0.585372348735 0.573295097342 0.570609528667
 0.511197869397 0.526907261842 0.612813302854 0.613558406667 0.596037585342 0.588384282094 0.584724205466
 0.614218371750 0.579967445077 0.518939527370 0.550707130644 0.581533919562 0.590364805401 0.594373231298
 0.594904607301 0.572225382692 0.529628403390 0.547770707612 0.575445885078 0.587700218122 0.591116200160
 0.605318528935 0.590662434186 0.559683494965 0.571622607372 0.581319888463 0.571194803863 0.577044670256
 0.621139869520 0.591246443820 0.542078200530 0.533127828229 0.543745034128 0.559228215208 0.575699372563
 0.582277760709 0.576703587351 0.546904992346 0.544484631388 0.554140849381 0.564452165873 0.565914246885
 0.587410643408 0.547284080547 0.565509249047 0.535754540499 0.539565447313 0.547277755288 0.538140128542
 0.564782875592 0.539830251733 0.511438692189 0.520795749525 0.529755695322 0.536039448934 0.523419470710
 0.562991135854 0.526653485217 0.498566593181 0.509163611716 0.520643495573 0.527516742421 0.511047623075
 0.530128108157 0.542315326376 0.568380872119 0.553595061422 0.548397957716 0.532537119850 0.495960790366
 0.551498838380 0.536558413490 0.573592203252 0.556824378599 0.556198599047 0.547544575187 0.499865979244
 0.460374028526 0.585109639886 0.608535275701 0.583874783083 0.556852341695 0.553786236128 0.537156597293
 0.459762305443 0.552738803413 0.632307058647 0.583155098606 0.558924050881 0.548286747207 0.581448871315
 0.579362410433 0.530297863333 0.481312771830 0.572595147768 0.590081009898 0.584683866898 0.610717680755
 0.584097888001 0.553817647535 0.530148149625 0.602665824372 0.608519952894 0.608322817597 0.622883375339
 0.606618602696 0.619754999476 0.656197377655 0.635363402814 0.630971240777 0.620848009738 0.624683846732
 0.619213768898 0.642182451534 0.678429796797 0.654495920684 0.642747852505 0.643555825326 0.650162317122
 0.635705599578 0.654397599390 0.701043238380 0.673183214610 0.663424275532 0.666147364769 0.670427229874
 0.636707774733 0.650301079042 0.732203511269 0.683699811845 0.679160824794 0.683327800878 0.687182039555
 0.695517262229 0.684169268939 0.610673466922 0.675974703657 0.698287718561 0.704117964762 0.701607776336
 0.683794038773 0.680606045397 0.632389796960 0.678345300087 0.702576354418 0.710861316571 0.704052288773
# sel_coffs_fsh:
 -4.10651491018 -2.16517163198 -0.883454615351 0.358560016367 0.338947917949 0.309981584775 0.269754569121 0.229519929703 0.194540159405 0.166952087740 0.145196817649 0.128357063093
# sel_coffs_bts:
 -0.0100000000000 -0.0100000000000 -0.0100000000000 -0.0100000000000 -0.0100000000000 -0.0100000000000 -0.0100000000000 -0.0100000000000
# sel_coffs_ats:
 -0.156112729608 -0.158689515526 0.0210114585504 0.145135751440 0.186156184854 0.284341958977 0.417130116823
# sel_slp_bts:
0.988604641923
# sel_a50_bts:
6.23639133785
# sel_age_one_bts:
-3.19423199910
# sel_slp_bts_dev:
 -0.705027439250 0.0467923171094 0.00881557404722 -0.400762152274 -0.342810699882 -0.442179822842 -0.545414314563 -0.436878354268 0.327860805603 0.222202192813 0.171680346480 0.312629365456 0.280555368346 0.233569581579 -0.136760113685 -0.288607587155 -0.510030267909 -0.604428678672 -0.338250873249 -0.479980133340 -0.0630452055901 0.173485041389 0.0815677242261 0.208487685299 -0.0823278238613 0.337238966081 0.542489422990 0.239137566376 0.752679206598 0.550101325885 0.205373580752 0.298327321700 0.529907064690 0.433462094961 0.428965194486 0.253109546583 -0.337387223866 0.00442006446272 -0.118212222526 -0.207348769685 -0.0373808464267 -0.338568243260 -0.227456585608
# sel_a50_bts_dev:
 -0.00956588460629 -0.157331288505 -0.0347057593410 0.0770157951497 0.100213375978 0.0623767096952 -0.0516155950571 -0.0982656527571 -0.208785291776 -0.130182185801 -0.133046604513 -0.168693972686 -0.0883553295029 0.00333462931836 0.186063060196 0.222903864468 0.313152749370 0.277039614178 0.143166063019 0.178089853428 0.0549415651032 0.00653587306940 0.0396847386351 -0.0185754150321 0.0894110792613 -0.0850951194237 -0.119319962182 -0.0296941213578 -0.211186678711 -0.0939342514786 -0.0496602294216 -0.0776474351093 -0.161492458236 -0.207994895526 -0.148298345608 -0.0707330634184 0.153060138647 -0.0204461407887 0.0585141414539 0.129943976616 0.0450361684093 0.196519265934 0.0376230189083
# sel_age_one_bts_dev:
 -0.0344183780113 0.00515320760343 0.0390262523867 -0.215872838273 -0.400272244820 -0.235778389108 -0.289700084775 -0.0531053117055 0.0931302345026 -0.168016775146 -0.0309173287073 0.0244198751026 -0.0953285908086 -0.119705938534 -0.107008251182 -0.00840275576380 0.0492416507581 0.100743477284 0.182080944509 0.0656373397593 0.0658270913486 0.219457506794 0.0429988038137 -0.0319903064936 -0.0380810407855 -0.0616516331929 0.161142246847 0.338125863112 0.303997636952 -0.0991803261694 -0.0848271657490 0.178424143249 0.137985409546 0.0316012291651 -0.0722440453877 -0.0833900765441 -0.0437167206162 0.232145773793 0.0899324660349 -0.0522806014049 0.0157370752233 -0.0220581310119 -0.0288612935962
# sel_dif1_fsh:
1.00000000000
# sel_a501_fsh:
3.00000000000
# sel_trm2_fsh:
0.900000000000
# sel_dif2_fsh:
5.00000000000
# sel_dif1_fsh_dev:
 0.00000000000 0.00000000000 0.00000000000 0.00000000000 0.00000000000 0.00000000000 0.00000000000 0.00000000000 0.00000000000 0.00000000000 0.00000000000 0.00000000000 0.00000000000 0.00000000000 0.00000000000 0.00000000000 0.00000000000 0.00000000000 0.00000000000 0.00000000000 0.00000000000 0.00000000000 0.00000000000 0.00000000000 0.00000000000 0.00000000000 0.00000000000 0.00000000000 0.00000000000 0.00000000000 0.00000000000 0.00000000000 0.00000000000 0.00000000000 0.00000000000 0.00000000000 0.00000000000 0.00000000000 0.00000000000 0.00000000000 0.00000000000 0.00000000000 0.00000000000 0.00000000000 0.00000000000 0.00000000000 0.00000000000 0.00000000000 0.00000000000 0.00000000000 0.00000000000 0.00000000000 0.00000000000 0.00000000000 0.00000000000 0.00000000000 0.00000000000 0.00000000000 0.00000000000 0.00000000000 0.00000000000
# sel_a501_fsh_dev:
 0.00000000000 0.00000000000 0.00000000000 0.00000000000 0.00000000000 0.00000000000 0.00000000000 0.00000000000 0.00000000000 0.00000000000 0.00000000000 0.00000000000 0.00000000000 0.00000000000 0.00000000000 0.00000000000 0.00000000000 0.00000000000 0.00000000000 0.00000000000 0.00000000000 0.00000000000 0.00000000000 0.00000000000 0.00000000000 0.00000000000 0.00000000000 0.00000000000 0.00000000000 0.00000000000 0.00000000000 0.00000000000 0.00000000000 0.00000000000 0.00000000000 0.00000000000 0.00000000000 0.00000000000 0.00000000000 0.00000000000 0.00000000000 0.00000000000 0.00000000000 0.00000000000 0.00000000000 0.00000000000 0.00000000000 0.00000000000 0.00000000000 0.00000000000 0.00000000000 0.00000000000 0.00000000000 0.00000000000 0.00000000000 0.00000000000 0.00000000000 0.00000000000 0.00000000000 0.00000000000 0.00000000000
# sel_trm2_fsh_dev:
 0.00000000000 0.00000000000 0.00000000000 0.00000000000 0.00000000000 0.00000000000 0.00000000000 0.00000000000 0.00000000000 0.00000000000 0.00000000000 0.00000000000 0.00000000000 0.00000000000 0.00000000000 0.00000000000 0.00000000000 0.00000000000 0.00000000000 0.00000000000 0.00000000000 0.00000000000 0.00000000000 0.00000000000 0.00000000000 0.00000000000 0.00000000000 0.00000000000 0.00000000000 0.00000000000 0.00000000000 0.00000000000 0.00000000000 0.00000000000 0.00000000000 0.00000000000 0.00000000000 0.00000000000 0.00000000000 0.00000000000 0.00000000000 0.00000000000 0.00000000000 0.00000000000 0.00000000000 0.00000000000 0.00000000000 0.00000000000 0.00000000000 0.00000000000 0.00000000000 0.00000000000 0.00000000000 0.00000000000 0.00000000000 0.00000000000 0.00000000000 0.00000000000 0.00000000000 0.00000000000 0.00000000000
# rec_dev_future:
 0.00000000000 0.00000000000 0.00000000000 0.00000000000 0.00000000000
# M_dev:
 0.00000000000 0.00000000000 0.00000000000 0.00000000000 0.00000000000 0.00000000000 0.00000000000 0.00000000000 0.00000000000 0.00000000000 0.00000000000 0.00000000000 0.00000000000 0.00000000000 0.00000000000 0.00000000000 0.00000000000 0.00000000000 0.00000000000 0.00000000000 0.00000000000 0.00000000000 0.00000000000 0.00000000000 0.00000000000 0.00000000000 0.00000000000 0.00000000000 0.00000000000 0.00000000000 0.00000000000 0.00000000000 0.00000000000 0.00000000000 0.00000000000 0.00000000000 0.00000000000 0.00000000000 0.00000000000 0.00000000000 0.00000000000 0.00000000000 0.00000000000 0.00000000000 0.00000000000 0.00000000000 0.00000000000 0.00000000000 0.00000000000 0.00000000000 0.00000000000 0.00000000000 0.00000000000 0.00000000000 0.00000000000 0.00000000000 0.00000000000 0.00000000000 0.00000000000 0.00000000000
# L1:
28.3062069824
# L2:
44.8853389604
# log_alpha:
-11.0000000000
# log_K:
-0.135566578465
# d_scale:
 0.850000000000 0.850000000000 0.850000000000 0.850000000000 0.850000000000 0.850000000000 0.850000000000 0.850000000000 0.850000000000 0.850000000000 0.850000000000 0.850000000000 0.850000000000
# coh_eff:
 0.00000000000 0.00000000000 0.00000000000 0.00000000000 0.00000000000 0.00000000000 0.00000000000 0.00000000000 0.00000000000 0.00000000000 0.00000000000 0.00000000000 0.00000000000 0.00000000000 0.00000000000 0.00000000000 0.00000000000 0.00000000000 0.00000000000 0.00000000000 0.00000000000 0.00000000000 0.00000000000 0.00000000000 0.00000000000 0.00000000000 0.00000000000 0.00000000000 0.00000000000 0.00000000000 0.00000000000 0.00000000000 0.00000000000 0.00000000000 0.00000000000 0.00000000000 0.00000000000 0.00000000000 0.00000000000 0.00000000000 0.00000000000 0.00000000000 0.00000000000 0.00000000000 0.00000000000 0.00000000000 0.00000000000 0.00000000000 0.00000000000 0.00000000000 0.00000000000 0.00000000000 0.00000000000 0.00000000000 0.00000000000 0.00000000000 0.00000000000 0.00000000000 0.00000000000 0.00000000000 0.00000000000 0.00000000000 0.00000000000 0.00000000000 0.00000000000 0.00000000000 0.00000000000 0.00000000000 0.00000000000 0.00000000000 0.00000000000 0.00000000000
# yr_eff:
 0.00000000000 0.00000000000 0.00000000000 0.00000000000 0.00000000000 0.00000000000 0.00000000000 0.00000000000 0.00000000000 0.00000000000 0.00000000000 0.00000000000 0.00000000000 0.00000000000 0.00000000000 0.00000000000 0.00000000000 0.00000000000 0.00000000000 0.00000000000 0.00000000000 0.00000000000 0.00000000000 0.00000000000 0.00000000000 0.00000000000 0.00000000000 0.00000000000 0.00000000000 0.00000000000 0.00000000000 0.00000000000 0.00000000000 0.00000000000 0.00000000000 0.00000000000 0.00000000000 0.00000000000 0.00000000000 0.00000000000 0.00000000000 0.00000000000 0.00000000000 0.00000000000 0.00000000000 0.00000000000 0.00000000000 0.00000000000 0.00000000000 0.00000000000 0.00000000000 0.00000000000 0.00000000000 0.00000000000 0.00000000000 0.00000000000 0.00000000000 0.00000000000 0.00000000000 0.00000000000
# resid_temp_x1:
0.00000000000
# resid_temp_x2:
0.00000000000
# log_a_II:
 -6.00000000000 -6.00000000000 -6.00000000000
 -6.00000000000 -6.00000000000 -6.00000000000
# log_b_II:
 6.00000000000 6.00000000000 6.00000000000
 6.00000000000 6.00000000000 6.00000000000
# log_a_II_vec:
 -4.00000000000 -4.00000000000
# log_b_II_vec:
 2.50000000000 2.50000000000
# log_rho:
 -2.50000000000 -2.50000000000 -2.50000000000
 -2.50000000000 -2.50000000000 -2.50000000000
# log_resid_M:
 -1.45000000000 -1.45000000000 -1.45000000000
