 717 -115.446 -115.446
 1 41.6525 -41.6525
 756 -11.2784 -11.2784
 21 10.7313 -10.7313
 20 9.86993 -9.86993
 22 9.36864 -9.36864
 19 8.81124 -8.81124
 30 8.76423 -8.76423
 778 -7.77966 -7.77966
 17 7.39694 -7.39694
 748 -5.52913 -5.52913
 763 5.04394 -5.04394
 99 -4.97616 -4.97616
 88 -4.87221 -4.87221
 101 -4.78459 -4.78459
 18 4.70214 -4.70214
 87 -4.56777 -4.56777
 816 4.56114 -4.56114
 776 -4.52914 -4.52914
 747 -4.39755 -4.39755
 787 -4.23288 -4.23288
 14 4.19887 -4.19887
 100 -3.85649 -3.85649
 89 -3.83993 -3.83993
 24 3.60458 -3.60458
 777 -3.58247 -3.58247
 771 -3.5613 -3.5613
 23 3.54163 -3.54163
 766 3.43312 -3.43312
 768 -3.34884 -3.34884
 758 -3.34525 -3.34525
 15 3.27977 -3.27977
 764 3.14575 -3.14575
 98 -3.07389 -3.07389
 767 2.97306 -2.97306
 43 -2.89001 -2.89001
 762 2.86426 -2.86426
 743 -2.54972 -2.54972
 86 -2.52343 -2.52343
 16 2.49057 -2.49057
 25 2.48685 -2.48685
 751 -2.48459 -2.48459
 774 -2.48111 -2.48111
 773 -2.40944 -2.40944
 741 -2.3893 -2.3893
 770 2.38857 -2.38857
 749 -2.33371 -2.33371
 750 -2.2059 -2.2059
 40 -2.09556 -2.09556
 102 -2.09508 -2.09508
 744 2.02828 -2.02828
 28 2.00242 -2.00242
 52 -1.94939 -1.94939
 53 -1.9409 -1.9409
 56 -1.91552 -1.91552
 42 -1.87528 -1.87528
 29 1.83744 -1.83744
 44 -1.83052 -1.83052
 761 1.80479 -1.80479
 13 1.69355 -1.69355
 757 1.67972 -1.67972
 782 -1.63873 -1.63873
 55 -1.50354 -1.50354
 775 -1.4708 -1.4708
 780 -1.41232 -1.41232
 815 -1.40844 -1.40844
 752 -1.32245 -1.32245
 733 1.30621 -1.30621
 754 1.28569 -1.28569
 755 1.26477 -1.26477
 806 -1.26117 -1.26117
 798 1.22215 -1.22215
 46 -1.19573 -1.19573
 809 -1.15488 -1.15488
 33 -1.14373 -1.14373
 790 -1.11662 -1.11662
 97 -1.10744 -1.10744
 804 1.10398 -1.10398
 12 1.1002 -1.1002
 808 -1.08485 -1.08485
 803 -1.08032 -1.08032
 11 1.06885 -1.06885
 730 1.06472 -1.06472
 32 -1.03769 -1.03769
 39 -1.02689 -1.02689
 801 -0.990667 -0.990667
 31 0.959508 -0.959508
 35 -0.91716 -0.91716
 772 -0.893551 -0.893551
 58 -0.867634 -0.867634
 807 0.867046 -0.867046
 818 -0.865359 -0.865359
 785 -0.861031 -0.861031
 50 -0.856721 -0.856721
 724 0.827226 -0.827226
 85 -0.818139 -0.818139
 10 0.81604 -0.81604
 814 -0.814421 -0.814421
 62 -0.780646 -0.780646
 739 -0.72164 -0.72164
 8 0.693387 -0.693387
 760 0.680803 -0.680803
 740 -0.672938 -0.672938
 96 -0.651444 -0.651444
 2 0.635731 -0.635731
 737 0.62013 -0.62013
 27 -0.617294 -0.617294
 64 -0.612118 -0.612118
 718 0.586562 -0.586562
 57 -0.571877 -0.571877
 34 -0.563806 -0.563806
 9 0.553272 -0.553272
 36 -0.548638 -0.548638
 765 0.543231 -0.543231
 59 -0.53001 -0.53001
 738 -0.517429 -0.517429
 6 0.497745 -0.497745
 26 0.494482 -0.494482
 82 0.49355 -0.49355
 83 -0.49077 -0.49077
 723 -0.487125 -0.487125
 71 0.464351 -0.464351
 41 0.454796 -0.454796
 791 -0.451225 -0.451225
 976 0.431043 -0.431043
 722 0.424995 -0.424995
 5 0.420661 -0.420661
 799 0.420426 -0.420426
 37 -0.412605 -0.412605
 817 -0.410152 -0.410152
 66 0.404926 -0.404926
 60 -0.401177 -0.401177
 4 0.395248 -0.395248
 810 -0.393583 -0.393583
 75 -0.391564 -0.391564
 3 0.381686 -0.381686
 802 -0.375768 -0.375768
 65 -0.369152 -0.369152
 734 0.367158 -0.367158
 746 -0.359651 -0.359651
 788 0.353144 -0.353144
 753 -0.349364 -0.349364
 92 0.334737 -0.334737
 779 -0.334624 -0.334624
 7 0.333532 -0.333532
 93 -0.326569 -0.326569
 49 -0.325061 -0.325061
 781 -0.316757 -0.316757
 726 0.303728 -0.303728
 61 0.282838 -0.282838
 73 0.26863 -0.26863
 813 0.262899 -0.262899
 54 -0.252437 -0.252437
 38 -0.238717 -0.238717
 48 0.231143 -0.231143
 786 -0.220415 -0.220415
 745 0.216707 -0.216707
 91 -0.209221 -0.209221
 725 0.205484 -0.205484
 729 0.205326 -0.205326
 45 -0.195277 -0.195277
 316 0.189094 -0.189094
 354 -0.18764 -0.18764
 353 0.187585 -0.187585
 728 0.182591 -0.182591
 325 -0.182092 -0.182092
 314 0.179434 -0.179434
 356 0.177129 -0.177129
 357 -0.176889 -0.176889
 90 -0.176845 -0.176845
 783 -0.176677 -0.176677
 324 0.174555 -0.174555
 721 0.174485 -0.174485
 769 -0.173401 -0.173401
 720 0.173031 -0.173031
 72 0.168787 -0.168787
 321 0.167445 -0.167445
 326 0.162919 -0.162919
 759 -0.161759 -0.161759
 70 0.159926 -0.159926
 317 0.159871 -0.159871
 288 -0.156651 -0.156651
 358 0.154723 -0.154723
 283 -0.149328 -0.149328
 281 -0.146843 -0.146843
 805 -0.144891 -0.144891
 284 -0.142225 -0.142225
 812 -0.141883 -0.141883
 727 0.137763 -0.137763
 255 0.137285 -0.137285
 735 -0.136497 -0.136497
 742 0.135539 -0.135539
 731 -0.1348 -0.1348
 350 -0.124512 -0.124512
 348 0.123084 -0.123084
 76 0.116416 -0.116416
 63 0.112549 -0.112549
 68 -0.112057 -0.112057
 292 0.108139 -0.108139
 789 -0.105904 -0.105904
 347 -0.102394 -0.102394
 69 -0.101771 -0.101771
 352 -0.0963181 -0.0963181
 311 0.0939806 -0.0939806
 322 0.0874805 -0.0874805
 355 -0.086768 -0.086768
 319 0.0810395 -0.0810395
 254 0.0793851 -0.0793851
 94 -0.0772292 -0.0772292
 736 -0.0762077 -0.0762077
 312 0.0740224 -0.0740224
 250 0.0725268 -0.0725268
 349 -0.0683752 -0.0683752
 251 0.067565 -0.067565
 260 0.0675039 -0.0675039
 248 0.0670387 -0.0670387
 313 0.0648314 -0.0648314
 346 0.0635814 -0.0635814
 351 0.0630868 -0.0630868
 249 0.0628976 -0.0628976
 309 0.0624597 -0.0624597
 719 0.0606472 -0.0606472
 310 0.0562429 -0.0562429
 261 -0.0552911 -0.0552911
 297 0.0537049 -0.0537049
 264 -0.0527347 -0.0527347
 298 0.0474813 -0.0474813
 293 -0.0467972 -0.0467972
 792 0.0452967 -0.0452967
 301 0.0428161 -0.0428161
 276 -0.0427262 -0.0427262
 286 -0.0423954 -0.0423954
 300 0.0410924 -0.0410924
 318 0.0391901 -0.0391901
 232 0.0384584 -0.0384584
 67 0.0377384 -0.0377384
 305 0.0363427 -0.0363427
 289 -0.0353715 -0.0353715
 948 -0.0353383 -0.0353383
 278 -0.0344083 -0.0344083
 333 -0.0336706 -0.0336706
 265 -0.0319155 -0.0319155
 51 0.0317114 -0.0317114
 342 -0.0314483 -0.0314483
 280 -0.0313317 -0.0313317
 344 -0.0299326 -0.0299326
 306 0.0284193 -0.0284193
 294 -0.027275 -0.027275
 964 -0.0270154 -0.0270154
 282 -0.026279 -0.026279
 304 0.0253717 -0.0253717
 299 0.0253349 -0.0253349
 47 -0.0238388 -0.0238388
 329 0.023838 -0.023838
 307 0.0237738 -0.0237738
 277 -0.0234178 -0.0234178
 308 0.023078 -0.023078
 271 -0.0224511 -0.0224511
 947 -0.0223108 -0.0223108
 279 -0.0221859 -0.0221859
 302 0.0217872 -0.0217872
 340 -0.0217102 -0.0217102
 341 0.020854 -0.020854
 231 0.0208471 -0.0208471
 938 0.0201704 -0.0201704
 440 -0.0191795 -0.0191795
 238 0.0190015 -0.0190015
 74 -0.0181001 -0.0181001
 242 0.0178243 -0.0178243
 330 -0.0173847 -0.0173847
 245 0.0172084 -0.0172084
 291 -0.0171299 -0.0171299
 345 -0.0170366 -0.0170366
 243 0.0169201 -0.0169201
 331 -0.0169196 -0.0169196
 944 0.0169127 -0.0169127
 328 -0.0168931 -0.0168931
 247 0.0164855 -0.0164855
 274 -0.0161749 -0.0161749
 965 -0.015938 -0.015938
 943 0.0150397 -0.0150397
 222 -0.0145937 -0.0145937
 228 -0.0145608 -0.0145608
 239 0.0143604 -0.0143604
 266 -0.0143265 -0.0143265
 295 0.0142813 -0.0142813
 272 -0.013957 -0.013957
 334 -0.0137508 -0.0137508
 253 0.0134059 -0.0134059
 273 -0.013267 -0.013267
 315 -0.0126968 -0.0126968
 244 0.0125811 -0.0125811
 966 -0.012374 -0.012374
 227 -0.0120143 -0.0120143
 268 -0.0118371 -0.0118371
 252 0.0117255 -0.0117255
 343 -0.0117058 -0.0117058
 954 -0.0116892 -0.0116892
 246 0.0101831 -0.0101831
 337 -0.010045 -0.010045
 967 -0.00985278 -0.00985278
 303 0.00976118 -0.00976118
 958 -0.00960344 -0.00960344
 233 0.00944164 -0.00944164
 241 0.00942093 -0.00942093
 784 -0.00940623 -0.00940623
 285 -0.00927292 -0.00927292
 275 -0.00924438 -0.00924438
 335 -0.00909525 -0.00909525
 263 0.00887867 -0.00887867
 959 -0.00864148 -0.00864148
 332 -0.00862241 -0.00862241
 320 -0.00848113 -0.00848113
 732 0.00831259 -0.00831259
 955 -0.00825742 -0.00825742
 970 -0.00814902 -0.00814902
 961 -0.0081425 -0.0081425
 259 -0.00780426 -0.00780426
 963 -0.00731278 -0.00731278
 327 0.00717302 -0.00717302
 933 0.00708475 -0.00708475
 338 -0.00681463 -0.00681463
 960 -0.00615034 -0.00615034
 949 -0.00600271 -0.00600271
 267 -0.00599692 -0.00599692
 339 0.00591592 -0.00591592
 934 0.00554277 -0.00554277
 262 0.00545356 -0.00545356
 287 0.00538604 -0.00538604
 234 0.00538534 -0.00538534
 1009 -0.00536063 -0.00536063
 957 -0.00517988 -0.00517988
 217 -0.00504632 -0.00504632
 932 0.00498235 -0.00498235
 997 0.00490655 -0.00490655
 1008 0.00469227 -0.00469227
 962 -0.00462729 -0.00462729
 323 -0.00461936 -0.00461936
 240 0.00431105 -0.00431105
 336 0.00421228 -0.00421228
 296 -0.00396525 -0.00396525
 218 -0.00396432 -0.00396432
 269 -0.003921 -0.003921
 926 0.00376979 -0.00376979
 999 0.0036739 -0.0036739
 216 -0.00351682 -0.00351682
 950 -0.00336426 -0.00336426
 237 0.00310379 -0.00310379
 290 -0.00290836 -0.00290836
 1000 0.00289162 -0.00289162
 931 0.00285008 -0.00285008
 915 0.00276539 -0.00276539
 210 -0.00265043 -0.00265043
 977 0.00249819 -0.00249819
 1004 0.0024924 -0.0024924
 236 0.00247088 -0.00247088
 651 -0.00246574 -0.00246574
 956 -0.00238519 -0.00238519
 365 0.00234368 -0.00234368
 235 0.00233906 -0.00233906
 922 0.00228468 -0.00228468
 980 0.00227892 -0.00227892
 258 0.00223311 -0.00223311
 937 0.00214727 -0.00214727
 936 0.00208328 -0.00208328
 916 0.00205807 -0.00205807
 256 -0.00203717 -0.00203717
 215 -0.00201174 -0.00201174
 618 0.00200699 -0.00200699
 270 0.00193301 -0.00193301
 199 -0.00193301 -0.00193301
 953 -0.00191606 -0.00191606
 257 0.00182617 -0.00182617
 969 -0.00177026 -0.00177026
 1030 -0.00175553 -0.00175553
 992 0.00167598 -0.00167598
 971 0.001643 -0.001643
 712 0.00163329 -0.00163329
 672 -0.00162396 -0.00162396
 206 -0.00160148 -0.00160148
 684 -0.00159064 -0.00159064
 675 -0.0015781 -0.0015781
 221 -0.00156019 -0.00156019
 646 0.0015591 -0.0015591
 674 -0.0015586 -0.0015586
 711 -0.00154368 -0.00154368
 716 -0.00153978 -0.00153978
 968 -0.00153308 -0.00153308
 952 -0.00152868 -0.00152868
 220 -0.0015089 -0.0015089
 641 0.00150457 -0.00150457
 639 0.00149758 -0.00149758
 642 0.00146508 -0.00146508
 376 -0.00146065 -0.00146065
 951 -0.00145373 -0.00145373
 200 -0.00144426 -0.00144426
 1032 -0.0014335 -0.0014335
 384 -0.00143034 -0.00143034
 613 -0.00139565 -0.00139565
 1033 -0.00135387 -0.00135387
 981 0.00131723 -0.00131723
 935 0.00130618 -0.00130618
 708 0.00130595 -0.00130595
 994 0.00129962 -0.00129962
 373 0.00129849 -0.00129849
 706 -0.00126734 -0.00126734
 366 -0.0012305 -0.0012305
 1027 -0.00121495 -0.00121495
 996 0.00117179 -0.00117179
 925 0.00114596 -0.00114596
 1042 -0.00114343 -0.00114343
 975 0.00109664 -0.00109664
 650 0.00109116 -0.00109116
 705 0.00109062 -0.00109062
 930 0.00108668 -0.00108668
 939 0.00105676 -0.00105676
 710 0.00103057 -0.00103057
 669 -0.00100935 -0.00100935
 921 0.000980825 -0.000980825
 923 0.000970056 -0.000970056
 219 -0.000953656 -0.000953656
 680 -0.000948512 -0.000948512
 713 0.000932813 -0.000932813
 683 0.000928909 -0.000928909
 1028 -0.000917986 -0.000917986
 929 0.000915038 -0.000915038
 987 0.000905109 -0.000905109
 993 0.000898571 -0.000898571
 441 0.000874449 -0.000874449
 714 -0.000871085 -0.000871085
 381 0.000868698 -0.000868698
 677 -0.00086391 -0.00086391
 928 0.000860118 -0.000860118
 612 -0.000856387 -0.000856387
 1025 -0.000853742 -0.000853742
 223 -0.000848221 -0.000848221
 385 0.000839596 -0.000839596
 995 0.000827461 -0.000827461
 1002 0.000825959 -0.000825959
 1064 -0.000825957 -0.000825957
 1066 0.000820067 -0.000820067
 209 -0.000804854 -0.000804854
 1013 -0.000801796 -0.000801796
 670 -0.000800354 -0.000800354
 1029 -0.000786635 -0.000786635
 1074 -0.000782161 -0.000782161
 608 -0.000781157 -0.000781157
 1070 0.000771247 -0.000771247
 377 0.000767877 -0.000767877
 998 0.000767728 -0.000767728
 214 -0.000767543 -0.000767543
 1026 -0.000754435 -0.000754435
 1038 -0.000753653 -0.000753653
 707 0.000749777 -0.000749777
 1063 0.000744823 -0.000744823
 682 -0.0007421 -0.0007421
 609 -0.000735566 -0.000735566
 1069 -0.000726915 -0.000726915
 606 -0.000726685 -0.000726685
 715 0.000722194 -0.000722194
 671 -0.000705845 -0.000705845
 1014 -0.000698301 -0.000698301
 1035 -0.000692469 -0.000692469
 205 -0.000688101 -0.000688101
 607 -0.000684597 -0.000684597
 372 -0.000684436 -0.000684436
 207 -0.000681638 -0.000681638
 667 -0.000681421 -0.000681421
 704 -0.000676797 -0.000676797
 709 -0.000674437 -0.000674437
 945 -0.000648752 -0.000648752
 990 0.000645209 -0.000645209
 213 -0.000644866 -0.000644866
 367 0.000639389 -0.000639389
 1068 0.000625702 -0.000625702
 443 0.000619132 -0.000619132
 668 -0.000616056 -0.000616056
 1017 -0.000612938 -0.000612938
 229 0.000607911 -0.000607911
 212 -0.000607888 -0.000607888
 927 0.000605862 -0.000605862
 619 0.000598109 -0.000598109
 917 0.000595531 -0.000595531
 387 0.000595131 -0.000595131
 1016 -0.000594391 -0.000594391
 369 0.000592565 -0.000592565
 655 -0.00058809 -0.00058809
 1005 0.000581959 -0.000581959
 379 -0.000581682 -0.000581682
 920 0.000581669 -0.000581669
 982 0.000581543 -0.000581543
 622 0.000581265 -0.000581265
 444 -0.000574429 -0.000574429
 364 -0.000563245 -0.000563245
 988 0.000557301 -0.000557301
 989 0.000530019 -0.000530019
 656 -0.000521817 -0.000521817
 1071 0.000511024 -0.000511024
 1021 -0.000510752 -0.000510752
 383 0.000509253 -0.000509253
 445 0.000500664 -0.000500664
 447 -0.000497969 -0.000497969
 946 0.000496587 -0.000496587
 458 -0.000495331 -0.000495331
 1065 0.000488737 -0.000488737
 984 0.000478385 -0.000478385
 644 0.000471903 -0.000471903
 634 0.000471584 -0.000471584
 659 -0.000471356 -0.000471356
 448 0.000467858 -0.000467858
 1062 -0.000466415 -0.000466415
 230 -0.00046072 -0.00046072
 658 -0.000452362 -0.000452362
 459 0.000451891 -0.000451891
 431 -0.000450529 -0.000450529
 676 -0.000429874 -0.000429874
 211 -0.000426937 -0.000426937
 371 0.000423739 -0.000423739
 590 -0.000421702 -0.000421702
 201 -0.000416715 -0.000416715
 1067 -0.000412586 -0.000412586
 1010 0.000410642 -0.000410642
 204 -0.000407554 -0.000407554
 430 -0.000406026 -0.000406026
 663 -0.000400134 -0.000400134
 1022 -0.000395816 -0.000395816
 647 0.000390808 -0.000390808
 362 0.000387158 -0.000387158
 636 0.000380677 -0.000380677
 979 -0.000380581 -0.000380581
 1041 0.000378391 -0.000378391
 691 0.000372617 -0.000372617
 991 0.000369446 -0.000369446
 1015 -0.000369039 -0.000369039
 1020 -0.000358571 -0.000358571
 623 0.000353873 -0.000353873
 638 0.000352903 -0.000352903
 1034 -0.000349759 -0.000349759
 700 0.000348776 -0.000348776
 363 0.000348561 -0.000348561
 679 -0.000345024 -0.000345024
 370 -0.000344574 -0.000344574
 702 0.000337273 -0.000337273
 1023 -0.000329622 -0.000329622
 426 -0.000328651 -0.000328651
 1024 -0.000319535 -0.000319535
 664 -0.000312557 -0.000312557
 1018 -0.000308111 -0.000308111
 640 0.000303069 -0.000303069
 446 0.00030047 -0.00030047
 652 0.000299456 -0.000299456
 427 0.000296751 -0.000296751
 432 -0.000292545 -0.000292545
 361 0.000286942 -0.000286942
 1007 0.000282039 -0.000282039
 662 -0.000279865 -0.000279865
 657 -0.000279827 -0.000279827
 924 0.000276507 -0.000276507
 942 0.000275361 -0.000275361
 974 -0.000270446 -0.000270446
 449 -0.000265752 -0.000265752
 1049 0.000265533 -0.000265533
 374 0.000262516 -0.000262516
 665 -0.00026155 -0.00026155
 687 -0.000261438 -0.000261438
 635 0.000260895 -0.000260895
 918 0.000259464 -0.000259464
 434 -0.000255786 -0.000255786
 666 -0.000254427 -0.000254427
 629 0.000249425 -0.000249425
 637 0.000247174 -0.000247174
 1058 0.00024705 -0.00024705
 983 0.000242749 -0.000242749
 698 0.000241192 -0.000241192
 1060 0.000240042 -0.000240042
 660 -0.000239621 -0.000239621
 454 0.000238543 -0.000238543
 978 -0.000234887 -0.000234887
 378 0.000232287 -0.000232287
 589 -0.000229232 -0.000229232
 422 0.00022781 -0.00022781
 699 -0.000227741 -0.000227741
 226 -0.000221206 -0.000221206
 1040 -0.000221008 -0.000221008
 1011 -0.000214149 -0.000214149
 972 0.000209342 -0.000209342
 596 -0.000208799 -0.000208799
 425 0.000204209 -0.000204209
 919 0.000202784 -0.000202784
 973 -0.000199735 -0.000199735
 600 -0.000195796 -0.000195796
 208 -0.000194292 -0.000194292
 688 0.000193449 -0.000193449
 703 0.000192833 -0.000192833
 649 0.000190192 -0.000190192
 603 -0.000189045 -0.000189045
 686 0.000188561 -0.000188561
 689 0.000188044 -0.000188044
 1037 0.000187023 -0.000187023
 433 0.000186142 -0.000186142
 1045 -0.000186092 -0.000186092
 601 -0.000185993 -0.000185993
 1001 0.000183633 -0.000183633
 202 -0.000181943 -0.000181943
 457 0.000181792 -0.000181792
 605 -0.000180997 -0.000180997
 632 0.000180609 -0.000180609
 940 0.000173966 -0.000173966
 1056 0.000171411 -0.000171411
 580 0.000162202 -0.000162202
 586 0.000160249 -0.000160249
 1057 -0.000160228 -0.000160228
 624 0.000159131 -0.000159131
 985 0.000158697 -0.000158697
 597 -0.000158017 -0.000158017
 653 -0.00015693 -0.00015693
 386 -0.000155528 -0.000155528
 630 0.000154936 -0.000154936
 692 0.000154107 -0.000154107
 1073 -0.000152554 -0.000152554
 451 0.000149465 -0.000149465
 631 0.000147895 -0.000147895
 611 -0.000147174 -0.000147174
 203 -0.000142144 -0.000142144
 224 -0.000140881 -0.000140881
 1046 0.000138468 -0.000138468
 602 -0.000138451 -0.000138451
 1019 -0.000137255 -0.000137255
 1061 0.000137248 -0.000137248
 673 0.000136079 -0.000136079
 1044 0.000135525 -0.000135525
 1047 0.000134403 -0.000134403
 585 0.000133229 -0.000133229
 701 0.000133109 -0.000133109
 1031 0.000131705 -0.000131705
 626 0.000131462 -0.000131462
 610 -0.000128576 -0.000128576
 359 -0.000120602 -0.000120602
 452 0.000117286 -0.000117286
 941 0.000115381 -0.000115381
 429 0.000113051 -0.000113051
 360 0.000112955 -0.000112955
 695 0.000112691 -0.000112691
 604 -0.000112023 -0.000112023
 455 -0.000111519 -0.000111519
 1050 0.000110139 -0.000110139
 382 -0.000109509 -0.000109509
 661 -0.000107042 -0.000107042
 398 0.000105243 -0.000105243
 643 0.000104249 -0.000104249
 633 0.000103935 -0.000103935
 591 -0.000103864 -0.000103864
 599 -0.000103602 -0.000103602
 693 0.000102101 -0.000102101
 375 0.000100352 -0.000100352
 400 9.88824e-05 -9.88824e-05
 395 9.82971e-05 -9.82971e-05
 413 9.80691e-05 -9.80691e-05
 428 -9.78994e-05 -9.78994e-05
 415 9.78547e-05 -9.78547e-05
 419 9.75495e-05 -9.75495e-05
 393 9.73129e-05 -9.73129e-05
 396 9.72565e-05 -9.72565e-05
 418 9.69534e-05 -9.69534e-05
 394 9.68406e-05 -9.68406e-05
 621 -9.68121e-05 -9.68121e-05
 690 9.67483e-05 -9.67483e-05
 416 9.66137e-05 -9.66137e-05
 420 9.64121e-05 -9.64121e-05
 389 9.60174e-05 -9.60174e-05
 390 9.56944e-05 -9.56944e-05
 414 9.5671e-05 -9.5671e-05
 1059 9.51717e-05 -9.51717e-05
 391 9.50788e-05 -9.50788e-05
 410 9.49072e-05 -9.49072e-05
 417 9.46394e-05 -9.46394e-05
 402 9.36392e-05 -9.36392e-05
 456 -9.32995e-05 -9.32995e-05
 401 9.31551e-05 -9.31551e-05
 412 9.28176e-05 -9.28176e-05
 392 9.23285e-05 -9.23285e-05
 397 9.18686e-05 -9.18686e-05
 403 9.18465e-05 -9.18465e-05
 399 9.14337e-05 -9.14337e-05
 380 -9.06239e-05 -9.06239e-05
 411 9.04363e-05 -9.04363e-05
 225 -9.02343e-05 -9.02343e-05
 678 8.95788e-05 -8.95788e-05
 407 8.90393e-05 -8.90393e-05
 460 -8.89807e-05 -8.89807e-05
 409 8.70785e-05 -8.70785e-05
 617 8.69537e-05 -8.69537e-05
 408 8.67e-05 -8.67e-05
 404 8.62967e-05 -8.62967e-05
 406 8.44169e-05 -8.44169e-05
 405 8.20877e-05 -8.20877e-05
 1053 8.05104e-05 -8.05104e-05
 685 -7.80382e-05 -7.80382e-05
 696 7.7222e-05 -7.7222e-05
 1051 7.29934e-05 -7.29934e-05
 986 -7.23534e-05 -7.23534e-05
 1036 6.99814e-05 -6.99814e-05
 1048 6.94161e-05 -6.94161e-05
 625 6.66719e-05 -6.66719e-05
 697 -6.39321e-05 -6.39321e-05
 1012 6.17362e-05 -6.17362e-05
 620 -5.97539e-05 -5.97539e-05
 592 -5.9267e-05 -5.9267e-05
 575 5.59053e-05 -5.59053e-05
 1054 5.54272e-05 -5.54272e-05
 1043 -5.53688e-05 -5.53688e-05
 1003 -5.18892e-05 -5.18892e-05
 681 5.03443e-05 -5.03443e-05
 1006 4.76089e-05 -4.76089e-05
 598 -4.74453e-05 -4.74453e-05
 1156 -4.66723e-05 -4.66723e-05
 694 -4.57596e-05 -4.57596e-05
 654 4.54553e-05 -4.54553e-05
 1055 -4.47927e-05 -4.47927e-05
 576 4.41027e-05 -4.41027e-05
 627 4.37331e-05 -4.37331e-05
 645 -4.1752e-05 -4.1752e-05
 1039 3.90517e-05 -3.90517e-05
 574 3.90283e-05 -3.90283e-05
 421 3.46245e-05 -3.46245e-05
 595 -3.41233e-05 -3.41233e-05
 648 3.21938e-05 -3.21938e-05
 1052 -3.21642e-05 -3.21642e-05
 368 -3.21621e-05 -3.21621e-05
 568 2.93808e-05 -2.93808e-05
 594 -2.71724e-05 -2.71724e-05
 1306 2.65321e-05 -2.65321e-05
 593 -2.57493e-05 -2.57493e-05
 616 -2.46062e-05 -2.46062e-05
 388 2.45018e-05 -2.45018e-05
 450 -2.38569e-05 -2.38569e-05
 573 2.23026e-05 -2.23026e-05
 614 2.22013e-05 -2.22013e-05
 557 2.14377e-05 -2.14377e-05
 1305 2.11363e-05 -2.11363e-05
 1296 -2.0122e-05 -2.0122e-05
 615 -1.99843e-05 -1.99843e-05
 628 -1.98093e-05 -1.98093e-05
 1322 1.80927e-05 -1.80927e-05
 564 1.77646e-05 -1.77646e-05
 579 1.72929e-05 -1.72929e-05
 1302 -1.71158e-05 -1.71158e-05
 578 1.67431e-05 -1.67431e-05
 558 1.59985e-05 -1.59985e-05
 1301 -1.55418e-05 -1.55418e-05
 423 -1.35684e-05 -1.35684e-05
 424 -1.33651e-05 -1.33651e-05
 1323 1.29953e-05 -1.29953e-05
 1312 1.19193e-05 -1.19193e-05
 577 1.05348e-05 -1.05348e-05
 1324 1.01501e-05 -1.01501e-05
 1316 9.95099e-06 -9.95099e-06
 581 9.3831e-06 -9.3831e-06
 1317 9.02682e-06 -9.02682e-06
 567 8.92555e-06 -8.92555e-06
 1325 8.84205e-06 -8.84205e-06
 1313 8.70356e-06 -8.70356e-06
 1319 8.52161e-06 -8.52161e-06
 572 8.50475e-06 -8.50475e-06
 1321 7.7013e-06 -7.7013e-06
 1291 -7.67319e-06 -7.67319e-06
 563 7.62843e-06 -7.62843e-06
 565 7.55614e-06 -7.55614e-06
 1334 -7.28802e-06 -7.28802e-06
 1328 7.1786e-06 -7.1786e-06
 571 7.15333e-06 -7.15333e-06
 570 6.73213e-06 -6.73213e-06
 587 -6.67508e-06 -6.67508e-06
 1318 6.57029e-06 -6.57029e-06
 1307 6.45619e-06 -6.45619e-06
 1292 -6.03077e-06 -6.03077e-06
 1315 5.58567e-06 -5.58567e-06
 1290 -5.42902e-06 -5.42902e-06
 588 5.08257e-06 -5.08257e-06
 1320 4.99268e-06 -4.99268e-06
 1072 4.74449e-06 -4.74449e-06
 569 4.73545e-06 -4.73545e-06
 559 4.6258e-06 -4.6258e-06
 562 4.52113e-06 -4.52113e-06
 1284 -4.1181e-06 -4.1181e-06
 1355 -4.05748e-06 -4.05748e-06
 1308 3.6651e-06 -3.6651e-06
 1367 3.37236e-06 -3.37236e-06
 1357 -3.22036e-06 -3.22036e-06
 1289 -3.11785e-06 -3.11785e-06
 1366 -3.10342e-06 -3.10342e-06
 1273 -3.0256e-06 -3.0256e-06
 1082 -2.7932e-06 -2.7932e-06
 1358 -2.67779e-06 -2.67779e-06
 1314 2.60531e-06 -2.60531e-06
 1335 -2.58142e-06 -2.58142e-06
 1280 -2.50107e-06 -2.50107e-06
 584 2.4463e-06 -2.4463e-06
 1338 -2.37309e-06 -2.37309e-06
 1295 -2.35089e-06 -2.35089e-06
 1362 -2.31011e-06 -2.31011e-06
 1294 -2.28099e-06 -2.28099e-06
 1274 -2.25351e-06 -2.25351e-06
 566 2.15407e-06 -2.15407e-06
 1311 2.09591e-06 -2.09591e-06
 560 2.01745e-06 -2.01745e-06
 1327 1.92645e-06 -1.92645e-06
 1350 -1.78119e-06 -1.78119e-06
 1081 1.77282e-06 -1.77282e-06
 1310 1.6734e-06 -1.6734e-06
 1388 1.67252e-06 -1.67252e-06
 1326 1.67113e-06 -1.67113e-06
 1080 -1.64991e-06 -1.64991e-06
 1309 1.59156e-06 -1.59156e-06
 561 1.57647e-06 -1.57647e-06
 582 1.55173e-06 -1.55173e-06
 1157 -1.54543e-06 -1.54543e-06
 1076 -1.53385e-06 -1.53385e-06
 1148 1.48698e-06 -1.48698e-06
 1146 -1.45687e-06 -1.45687e-06
 1293 -1.43105e-06 -1.43105e-06
 1339 -1.41773e-06 -1.41773e-06
 1352 -1.39716e-06 -1.39716e-06
 1390 1.37479e-06 -1.37479e-06
 1391 1.35627e-06 -1.35627e-06
 1385 1.26918e-06 -1.26918e-06
 1354 -1.26418e-06 -1.26418e-06
 1283 -1.25565e-06 -1.25565e-06
 1333 -1.20028e-06 -1.20028e-06
 1288 -1.19073e-06 -1.19073e-06
 1400 1.17037e-06 -1.17037e-06
 1297 -1.15792e-06 -1.15792e-06
 1329 -1.11886e-06 -1.11886e-06
 1279 -1.0748e-06 -1.0748e-06
 1281 -1.063e-06 -1.063e-06
 583 1.01132e-06 -1.01132e-06
 1287 -1.00274e-06 -1.00274e-06
 1345 -9.83333e-07 -9.83333e-07
 1386 9.77583e-07 -9.77583e-07
 1351 -9.75933e-07 -9.75933e-07
 1286 -9.42573e-07 -9.42573e-07
 1383 9.14814e-07 -9.14814e-07
 1353 -8.99745e-07 -8.99745e-07
 1360 -8.92358e-07 -8.92358e-07
 1101 8.9175e-07 -8.9175e-07
 1422 8.72571e-07 -8.72571e-07
 1424 -8.66546e-07 -8.66546e-07
 1371 8.62885e-07 -8.62885e-07
 1387 8.43726e-07 -8.43726e-07
 1356 -8.34373e-07 -8.34373e-07
 1432 8.22753e-07 -8.22753e-07
 1084 -8.17823e-07 -8.17823e-07
 1384 8.12131e-07 -8.12131e-07
 1396 8.05402e-07 -8.05402e-07
 1421 -7.94395e-07 -7.94395e-07
 1428 -7.9376e-07 -7.9376e-07
 1097 7.86974e-07 -7.86974e-07
 911 7.69955e-07 -7.69955e-07
 1372 7.5466e-07 -7.5466e-07
 1427 7.45711e-07 -7.45711e-07
 1393 7.41843e-07 -7.41843e-07
 1083 -7.33207e-07 -7.33207e-07
 1088 -7.18033e-07 -7.18033e-07
 1092 -7.15725e-07 -7.15725e-07
 1303 7.10975e-07 -7.10975e-07
 1348 -7.03988e-07 -7.03988e-07
 1079 -6.82684e-07 -6.82684e-07
 1426 -6.71188e-07 -6.71188e-07
 1375 6.64351e-07 -6.64351e-07
 1285 -6.64003e-07 -6.64003e-07
 1078 -6.54795e-07 -6.54795e-07
 1275 -6.52682e-07 -6.52682e-07
 1374 6.44744e-07 -6.44744e-07
 1145 6.41873e-07 -6.41873e-07
 1278 -6.37493e-07 -6.37493e-07
 1340 -6.35099e-07 -6.35099e-07
 1363 -6.32554e-07 -6.32554e-07
 1159 6.15531e-07 -6.15531e-07
 1346 -6.0877e-07 -6.0877e-07
 1149 5.94137e-07 -5.94137e-07
 1347 -5.79159e-07 -5.79159e-07
 1379 5.55401e-07 -5.55401e-07
 1429 -5.5157e-07 -5.5157e-07
 195 -5.49952e-07 -5.49952e-07
 1304 -5.44247e-07 -5.44247e-07
 1423 -5.29345e-07 -5.29345e-07
 1342 -5.23048e-07 -5.23048e-07
 1420 5.05771e-07 -5.05771e-07
 1086 -4.91496e-07 -4.91496e-07
 1425 4.47998e-07 -4.47998e-07
 1368 -4.47939e-07 -4.47939e-07
 1162 -4.45041e-07 -4.45041e-07
 1380 4.31758e-07 -4.31758e-07
 1087 -4.21751e-07 -4.21751e-07
 1337 4.16524e-07 -4.16524e-07
 1349 -4.04336e-07 -4.04336e-07
 1373 4.02878e-07 -4.02878e-07
 1085 -3.98463e-07 -3.98463e-07
 1096 3.94535e-07 -3.94535e-07
 1378 3.91492e-07 -3.91492e-07
 1095 -3.85471e-07 -3.85471e-07
 1091 -3.81651e-07 -3.81651e-07
 1392 3.81238e-07 -3.81238e-07
 1399 -3.79087e-07 -3.79087e-07
 1381 3.60078e-07 -3.60078e-07
 1143 3.59417e-07 -3.59417e-07
 1382 3.49129e-07 -3.49129e-07
 1161 3.49004e-07 -3.49004e-07
 1376 3.36741e-07 -3.36741e-07
 1098 3.2421e-07 -3.2421e-07
 1365 -3.08528e-07 -3.08528e-07
 1282 -3.03062e-07 -3.03062e-07
 1300 -3.01805e-07 -3.01805e-07
 1332 2.96393e-07 -2.96393e-07
 1141 2.92696e-07 -2.92696e-07
 1407 -2.90111e-07 -2.90111e-07
 1276 -2.84383e-07 -2.84383e-07
 1175 2.76948e-07 -2.76948e-07
 1416 -2.70031e-07 -2.70031e-07
 1341 -2.659e-07 -2.659e-07
 901 2.62816e-07 -2.62816e-07
 1418 -2.62427e-07 -2.62427e-07
 1138 2.58993e-07 -2.58993e-07
 900 2.58494e-07 -2.58494e-07
 1336 2.57307e-07 -2.57307e-07
 1167 2.57028e-07 -2.57028e-07
 800 -2.4985e-07 -2.4985e-07
 1166 2.39278e-07 -2.39278e-07
 1077 -2.38605e-07 -2.38605e-07
 1369 2.34414e-07 -2.34414e-07
 1330 -2.29431e-07 -2.29431e-07
 1277 -2.22261e-07 -2.22261e-07
 1398 2.19719e-07 -2.19719e-07
 1331 2.18906e-07 -2.18906e-07
 1099 2.18488e-07 -2.18488e-07
 1144 2.07755e-07 -2.07755e-07
 1403 2.03644e-07 -2.03644e-07
 1164 2.01419e-07 -2.01419e-07
 1359 -2.01133e-07 -2.01133e-07
 905 1.99536e-07 -1.99536e-07
 1137 1.98287e-07 -1.98287e-07
 1165 -1.95684e-07 -1.95684e-07
 899 1.91729e-07 -1.91729e-07
 1102 -1.91455e-07 -1.91455e-07
 1298 -1.90675e-07 -1.90675e-07
 913 1.87963e-07 -1.87963e-07
 1414 -1.87628e-07 -1.87628e-07
 910 1.87014e-07 -1.87014e-07
 185 -1.8363e-07 -1.8363e-07
 184 -1.81228e-07 -1.81228e-07
 1395 -1.80172e-07 -1.80172e-07
 1415 1.7541e-07 -1.7541e-07
 1343 -1.73895e-07 -1.73895e-07
 1163 1.56736e-07 -1.56736e-07
 1431 1.56481e-07 -1.56481e-07
 1147 1.53563e-07 -1.53563e-07
 1404 -1.51639e-07 -1.51639e-07
 1377 1.50355e-07 -1.50355e-07
 1419 -1.50308e-07 -1.50308e-07
 1402 -1.48422e-07 -1.48422e-07
 1405 -1.47195e-07 -1.47195e-07
 1168 1.46357e-07 -1.46357e-07
 1150 -1.4449e-07 -1.4449e-07
 1389 -1.44255e-07 -1.44255e-07
 197 -1.37026e-07 -1.37026e-07
 189 -1.36517e-07 -1.36517e-07
 183 -1.3494e-07 -1.3494e-07
 1174 -1.31292e-07 -1.31292e-07
 194 -1.30069e-07 -1.30069e-07
 1299 -1.26464e-07 -1.26464e-07
 888 1.21628e-07 -1.21628e-07
 442 1.21598e-07 -1.21598e-07
 1173 1.21136e-07 -1.21136e-07
 1408 -1.20654e-07 -1.20654e-07
 1089 1.1722e-07 -1.1722e-07
 903 1.13437e-07 -1.13437e-07
 1140 1.13075e-07 -1.13075e-07
 1176 1.0842e-07 -1.0842e-07
 1417 -1.04273e-07 -1.04273e-07
 893 1.0338e-07 -1.0338e-07
 894 1.01717e-07 -1.01717e-07
 883 9.88328e-08 -9.88328e-08
 906 9.21048e-08 -9.21048e-08
 1103 -9.17637e-08 -9.17637e-08
 1411 -8.82192e-08 -8.82192e-08
 889 8.57238e-08 -8.57238e-08
 172 -8.54754e-08 -8.54754e-08
 1139 8.24285e-08 -8.24285e-08
 187 -8.03976e-08 -8.03976e-08
 1409 -7.99866e-08 -7.99866e-08
 1344 7.92991e-08 -7.92991e-08
 1394 -7.66854e-08 -7.66854e-08
 1160 7.62931e-08 -7.62931e-08
 1406 -7.60683e-08 -7.60683e-08
 904 7.53454e-08 -7.53454e-08
 177 -7.25661e-08 -7.25661e-08
 178 -7.16693e-08 -7.16693e-08
 167 -6.919e-08 -6.919e-08
 1370 -6.76599e-08 -6.76599e-08
 912 -6.68754e-08 -6.68754e-08
 1136 6.61961e-08 -6.61961e-08
 190 -6.41079e-08 -6.41079e-08
 1093 6.09794e-08 -6.09794e-08
 1412 -6.07436e-08 -6.07436e-08
 1401 6.06792e-08 -6.06792e-08
 173 -6.03977e-08 -6.03977e-08
 1361 5.68617e-08 -5.68617e-08
 898 5.6235e-08 -5.6235e-08
 896 5.51387e-08 -5.51387e-08
 188 -5.32862e-08 -5.32862e-08
 196 5.32613e-08 -5.32613e-08
 885 5.30822e-08 -5.30822e-08
 1364 -5.21795e-08 -5.21795e-08
 1100 -5.16861e-08 -5.16861e-08
 1413 4.9091e-08 -4.9091e-08
 852 4.74746e-08 -4.74746e-08
 876 4.71972e-08 -4.71972e-08
 907 -4.6562e-08 -4.6562e-08
 84 -4.62798e-08 -4.62798e-08
 872 -4.62138e-08 -4.62138e-08
 887 -4.57445e-08 -4.57445e-08
 1094 4.41044e-08 -4.41044e-08
 891 4.39039e-08 -4.39039e-08
 1397 -4.28002e-08 -4.28002e-08
 862 4.07164e-08 -4.07164e-08
 895 4.04263e-08 -4.04263e-08
 180 -4.02251e-08 -4.02251e-08
 182 -3.81907e-08 -3.81907e-08
 169 -3.75941e-08 -3.75941e-08
 890 3.71122e-08 -3.71122e-08
 1410 3.52524e-08 -3.52524e-08
 1171 -3.50614e-08 -3.50614e-08
 871 3.46506e-08 -3.46506e-08
 136 -3.34154e-08 -3.34154e-08
 160 -3.30382e-08 -3.30382e-08
 191 3.29573e-08 -3.29573e-08
 156 3.24172e-08 -3.24172e-08
 882 3.18309e-08 -3.18309e-08
 171 3.12794e-08 -3.12794e-08
 175 -3.09852e-08 -3.09852e-08
 880 -3.06348e-08 -3.06348e-08
 864 2.92534e-08 -2.92534e-08
 146 -2.86434e-08 -2.86434e-08
 179 -2.83181e-08 -2.83181e-08
 897 -2.79525e-08 -2.79525e-08
 1172 2.78341e-08 -2.78341e-08
 873 -2.60164e-08 -2.60164e-08
 878 -2.58412e-08 -2.58412e-08
 174 -2.58212e-08 -2.58212e-08
 902 -2.46908e-08 -2.46908e-08
 155 -2.35819e-08 -2.35819e-08
 166 -2.27914e-08 -2.27914e-08
 874 2.10887e-08 -2.10887e-08
 164 2.05371e-08 -2.05371e-08
 181 2.00805e-08 -2.00805e-08
 851 -1.9998e-08 -1.9998e-08
 865 -1.9405e-08 -1.9405e-08
 148 -1.88938e-08 -1.88938e-08
 857 1.8525e-08 -1.8525e-08
 157 1.7819e-08 -1.7819e-08
 162 1.76453e-08 -1.76453e-08
 186 1.71579e-08 -1.71579e-08
 855 1.67993e-08 -1.67993e-08
 1114 1.67948e-08 -1.67948e-08
 884 -1.57695e-08 -1.57695e-08
 868 1.53869e-08 -1.53869e-08
 1170 1.50612e-08 -1.50612e-08
 879 1.48289e-08 -1.48289e-08
 149 1.43332e-08 -1.43332e-08
 875 1.4129e-08 -1.4129e-08
 135 1.40619e-08 -1.40619e-08
 158 -1.36926e-08 -1.36926e-08
 914 -1.31624e-08 -1.31624e-08
 141 -1.30806e-08 -1.30806e-08
 1090 -1.24465e-08 -1.24465e-08
 861 -1.23702e-08 -1.23702e-08
 860 -1.23698e-08 -1.23698e-08
 856 -1.23698e-08 -1.23698e-08
 168 1.2127e-08 -1.2127e-08
 139 -1.17469e-08 -1.17469e-08
 886 -1.16472e-08 -1.16472e-08
 163 -1.0705e-08 -1.0705e-08
 198 1.01098e-08 -1.01098e-08
 152 -1.01016e-08 -1.01016e-08
 859 -9.90314e-09 -9.90314e-09
 867 9.79884e-09 -9.79884e-09
 1135 9.77483e-09 -9.77483e-09
 159 -9.71363e-09 -9.71363e-09
 1134 9.65718e-09 -9.65718e-09
 140 8.89814e-09 -8.89814e-09
 144 8.89814e-09 -8.89814e-09
 1106 8.48268e-09 -8.48268e-09
 151 -8.31162e-09 -8.31162e-09
 1121 -8.04386e-09 -8.04386e-09
 145 8.01007e-09 -8.01007e-09
 1142 7.76757e-09 -7.76757e-09
 1105 7.5872e-09 -7.5872e-09
 881 7.5553e-09 -7.5553e-09
 170 7.29333e-09 -7.29333e-09
 1104 6.65497e-09 -6.65497e-09
 854 6.50185e-09 -6.50185e-09
 892 6.12553e-09 -6.12553e-09
 553 6.02891e-09 -6.02891e-09
 1129 5.91958e-09 -5.91958e-09
 143 5.89648e-09 -5.89648e-09
 165 -5.78171e-09 -5.78171e-09
 1124 -5.50373e-09 -5.50373e-09
 1126 5.45484e-09 -5.45484e-09
 1116 5.2683e-09 -5.2683e-09
 1122 -5.04678e-09 -5.04678e-09
 150 4.94909e-09 -4.94909e-09
 866 -4.94633e-09 -4.94633e-09
 1430 -4.88123e-09 -4.88123e-09
 1125 -4.78275e-09 -4.78275e-09
 1132 4.53736e-09 -4.53736e-09
 1120 -4.49315e-09 -4.49315e-09
 176 -4.44221e-09 -4.44221e-09
 1131 4.2324e-09 -4.2324e-09
 138 -3.97148e-09 -3.97148e-09
 1128 -3.96061e-09 -3.96061e-09
 1109 3.72733e-09 -3.72733e-09
 1107 3.51719e-09 -3.51719e-09
 137 -3.51072e-09 -3.51072e-09
 1108 3.2984e-09 -3.2984e-09
 853 3.19716e-09 -3.19716e-09
 1075 3.07992e-09 -3.07992e-09
 1133 2.845e-09 -2.845e-09
 1119 -2.83336e-09 -2.83336e-09
 1115 -2.60902e-09 -2.60902e-09
 192 -2.21667e-09 -2.21667e-09
 543 2.03693e-09 -2.03693e-09
 542 2.00666e-09 -2.00666e-09
 1110 2.00347e-09 -2.00347e-09
 1112 -1.97745e-09 -1.97745e-09
 1113 -1.93613e-09 -1.93613e-09
 858 1.92513e-09 -1.92513e-09
 154 1.64895e-09 -1.64895e-09
 142 -1.623e-09 -1.623e-09
 908 1.55768e-09 -1.55768e-09
 1130 1.53762e-09 -1.53762e-09
 547 1.53172e-09 -1.53172e-09
 541 1.49114e-09 -1.49114e-09
 555 1.48605e-09 -1.48605e-09
 552 1.44638e-09 -1.44638e-09
 1118 -1.07368e-09 -1.07368e-09
 869 -1.04941e-09 -1.04941e-09
 877 1.00926e-09 -1.00926e-09
 161 -9.85755e-10 -9.85755e-10
 530 9.4524e-10 -9.4524e-10
 545 8.85078e-10 -8.85078e-10
 1123 -8.68508e-10 -8.68508e-10
 1269 -8.43915e-10 -8.43915e-10
 535 8.03016e-10 -8.03016e-10
 536 7.91538e-10 -7.91538e-10
 525 7.66645e-10 -7.66645e-10
 870 -7.58251e-10 -7.58251e-10
 548 7.12566e-10 -7.12566e-10
 531 6.66951e-10 -6.66951e-10
 546 5.87255e-10 -5.87255e-10
 554 -5.52016e-10 -5.52016e-10
 1111 5.33201e-10 -5.33201e-10
 538 4.36038e-10 -4.36038e-10
 540 4.30297e-10 -4.30297e-10
 527 4.1397e-10 -4.1397e-10
 193 -3.97264e-10 -3.97264e-10
 494 3.69194e-10 -3.69194e-10
 518 3.66234e-10 -3.66234e-10
 549 -3.63037e-10 -3.63037e-10
 514 -3.58787e-10 -3.58787e-10
 529 -3.51029e-10 -3.51029e-10
 909 -3.50394e-10 -3.50394e-10
 533 3.41967e-10 -3.41967e-10
 504 3.16566e-10 -3.16566e-10
 537 3.13785e-10 -3.13785e-10
 153 -2.95241e-10 -2.95241e-10
 1259 -2.88061e-10 -2.88061e-10
 532 2.87016e-10 -2.87016e-10
 1127 2.83552e-10 -2.83552e-10
 1258 -2.83324e-10 -2.83324e-10
 1158 2.7385e-10 -2.7385e-10
 513 2.65324e-10 -2.65324e-10
 1117 2.5279e-10 -2.5279e-10
 524 2.49472e-10 -2.49472e-10
 522 -2.33019e-10 -2.33019e-10
 539 -2.19416e-10 -2.19416e-10
 506 2.18772e-10 -2.18772e-10
 1263 -2.18703e-10 -2.18703e-10
 863 2.17799e-10 -2.17799e-10
 1257 -2.10146e-10 -2.10146e-10
 1271 -2.06018e-10 -2.06018e-10
 1268 -2.04978e-10 -2.04978e-10
 515 -1.99793e-10 -1.99793e-10
 520 -1.98256e-10 -1.98256e-10
 544 -1.90865e-10 -1.90865e-10
 516 1.58072e-10 -1.58072e-10
 493 -1.55441e-10 -1.55441e-10
 507 -1.5433e-10 -1.5433e-10
 499 1.44279e-10 -1.44279e-10
 1246 -1.33312e-10 -1.33312e-10
 497 1.30292e-10 -1.30292e-10
 526 -1.28014e-10 -1.28014e-10
 1261 -1.24334e-10 -1.24334e-10
 521 1.16737e-10 -1.16737e-10
 510 1.1605e-10 -1.1605e-10
 1251 -1.1331e-10 -1.1331e-10
 1252 -1.11488e-10 -1.11488e-10
 517 1.08729e-10 -1.08729e-10
 1241 -1.08326e-10 -1.08326e-10
 556 -1.06765e-10 -1.06765e-10
 1264 -1.00952e-10 -1.00952e-10
 498 -9.71491e-11 -9.71491e-11
 502 -9.71491e-11 -9.71491e-11
 1247 -9.39582e-11 -9.39582e-11
 503 -9.26256e-11 -9.26256e-11
 528 -8.59686e-11 -8.59686e-11
 509 8.34411e-11 -8.34411e-11
 1262 -8.25829e-11 -8.25829e-11
 1270 7.32993e-11 -7.32993e-11
 501 -7.15045e-11 -7.15045e-11
 1256 -6.16368e-11 -6.16368e-11
 523 6.11536e-11 -6.11536e-11
 1254 -6.04352e-11 -6.04352e-11
 1243 -5.81812e-11 -5.81812e-11
 1210 -5.20349e-11 -5.20349e-11
 1234 -5.17309e-11 -5.17309e-11
 1265 5.10347e-11 -5.10347e-11
 1230 5.0653e-11 -5.0653e-11
 1245 5.01386e-11 -5.01386e-11
 534 4.82658e-11 -4.82658e-11
 1249 -4.81212e-11 -4.81212e-11
 496 4.74796e-11 -4.74796e-11
 508 -4.60154e-11 -4.60154e-11
 1220 -4.46276e-11 -4.46276e-11
 1253 -4.43096e-11 -4.43096e-11
 1248 -4.06772e-11 -4.06772e-11
 1229 -3.79791e-11 -3.79791e-11
 1240 -3.48885e-11 -3.48885e-11
 1238 3.35775e-11 -3.35775e-11
 1222 -3.20635e-11 -3.20635e-11
 495 3.13617e-11 -3.13617e-11
 1255 3.06375e-11 -3.06375e-11
 1231 2.85155e-11 -2.85155e-11
 1236 2.83235e-11 -2.83235e-11
 1260 2.70626e-11 -2.70626e-11
 147 -2.62566e-11 -2.62566e-11
 1232 -2.31144e-11 -2.31144e-11
 1209 2.1919e-11 -2.1919e-11
 1223 2.1269e-11 -2.1269e-11
 1215 -2.03044e-11 -2.03044e-11
 1213 -1.84131e-11 -1.84131e-11
 550 1.79193e-11 -1.79193e-11
 1242 1.72843e-11 -1.72843e-11
 1226 -1.68649e-11 -1.68649e-11
 500 1.62756e-11 -1.62756e-11
 1237 -1.62534e-11 -1.62534e-11
 1233 -1.54863e-11 -1.54863e-11
 1272 1.44268e-11 -1.44268e-11
 1219 1.35585e-11 -1.35585e-11
 1218 1.3558e-11 -1.3558e-11
 1214 1.3558e-11 -1.3558e-11
 1244 1.2766e-11 -1.2766e-11
 512 -1.1646e-11 -1.1646e-11
 1217 1.08544e-11 -1.08544e-11
 1225 -1.07401e-11 -1.07401e-11
 519 9.25392e-12 -9.25392e-12
 1239 -8.28104e-12 -8.28104e-12
 1212 -7.12641e-12 -7.12641e-12
 1250 -6.71393e-12 -6.71393e-12
 1224 5.42146e-12 -5.42146e-12
 1211 -3.50427e-12 -3.50427e-12
 511 -2.83291e-12 -2.83291e-12
 1216 -2.11006e-12 -2.11006e-12
 1266 -1.70731e-12 -1.70731e-12
 1227 1.15022e-12 -1.15022e-12
 1235 -1.1062e-12 -1.1062e-12
 505 1.01343e-12 -1.01343e-12
 1228 8.31087e-13 -8.31087e-13
 551 5.30011e-13 -5.30011e-13
 1267 3.84052e-13 -3.84052e-13
 1221 -2.3872e-13 -2.3872e-13
 811 -4.23911e-15 -4.23911e-15
 453 2.25937e-15 -2.25937e-15
 1169 4.6463e-18 -4.6463e-18
 95 3.20322e-19 -3.20322e-19
 461 0 -0
 118 0 -0
 119 0 -0
 120 0 -0
 438 0 -0
 121 0 -0
 117 0 -0
 116 0 -0
 439 0 -0
 114 0 -0
 463 0 -0
 113 0 -0
 115 0 -0
 112 0 -0
 462 0 -0
 122 0 -0
 844 0 -0
 467 0 -0
 843 0 -0
 468 0 -0
 124 0 -0
 469 0 -0
 470 0 -0
 845 0 -0
 123 0 -0
 466 0 -0
 850 0 -0
 849 0 -0
 464 0 -0
 848 0 -0
 847 0 -0
 846 0 -0
 465 0 -0
 1155 -0 -0
 1154 -0 -0
 436 0 -0
 81 0 -0
 103 0 -0
 819 0 -0
 820 0 -0
 821 0 -0
 822 0 -0
 80 0 -0
 435 0 -0
 794 0 -0
 795 0 -0
 77 0 -0
 796 0 -0
 797 0 -0
 78 0 -0
 79 0 -0
 104 0 -0
 823 0 -0
 824 0 -0
 437 0 -0
 829 0 -0
 110 0 -0
 111 0 -0
 1151 -0 -0
 1152 -0 -0
 1153 -0 -0
 109 0 -0
 108 0 -0
 105 0 -0
 106 0 -0
 825 0 -0
 826 0 -0
 827 0 -0
 828 0 -0
 107 0 -0
 471 0 -0
 472 0 -0
 835 0 -0
 834 0 -0
 1194 -0 -0
 1195 -0 -0
 130 0 -0
 129 0 -0
 833 0 -0
 1193 -0 -0
 1192 -0 -0
 1191 -0 -0
 1184 -0 -0
 1185 -0 -0
 1186 -0 -0
 1187 -0 -0
 1188 -0 -0
 1189 -0 -0
 1190 -0 -0
 1196 -0 -0
 1197 -0 -0
 1207 -0 -0
 1208 -0 -0
 128 0 -0
 127 0 -0
 126 0 -0
 125 0 -0
 831 0 -0
 832 0 -0
 1206 -0 -0
 1205 -0 -0
 1198 -0 -0
 1199 -0 -0
 1200 -0 -0
 1201 -0 -0
 1202 -0 -0
 1203 -0 -0
 1204 -0 -0
 1183 -0 -0
 1182 -0 -0
 1181 -0 -0
 830 0 -0
 1177 -0 -0
 1178 -0 -0
 134 0 -0
 838 0 -0
 479 0 -0
 480 0 -0
 478 0 -0
 839 0 -0
 840 0 -0
 473 0 -0
 474 0 -0
 475 0 -0
 476 0 -0
 477 0 -0
 842 0 -0
 841 0 -0
 133 0 -0
 132 0 -0
 488 0 -0
 489 0 -0
 490 0 -0
 491 0 -0
 492 0 -0
 1179 -0 -0
 1180 -0 -0
 487 0 -0
 486 0 -0
 485 0 -0
 481 0 -0
 482 0 -0
 483 0 -0
 131 0 -0
 837 0 -0
 836 0 -0
 484 0 -0
 793 0 -0
