ParName   Value   Gradient
log_avgrec      9.82719 -3.16882e-05
log_avginit      4.81598  -3.4866e-06
log_avg_F      -1.4191  4.69171e-05
log_q_ats    -0.615556 -1.18377e-06
log_Rzero       10.073  1.31862e-06
steepness     0.622121  1.67135e-06
log_q_cpue     0.101014 -1.15577e-05
log_q_avo     -8.18719 -1.02619e-05
log_initdevs(2)      3.31651 -3.49217e-05
log_initdevs(3)      2.83296 -1.04711e-05
log_initdevs(4)      1.29811  4.36807e-06
log_initdevs(5)     0.470948  4.05126e-05
log_initdevs(6)      1.14532  -3.9413e-05
log_initdevs(7)     0.351402 -3.91441e-05
log_initdevs(8)    -0.786218 -2.78663e-06
log_initdevs(9)     -1.24264 -9.76551e-07
log_initdevs(10)     -1.23564 -2.86804e-07
log_initdevs(11)     -1.23066 -3.75751e-07
log_initdevs(12)     -1.22754 -1.65673e-06
log_initdevs(13)     -1.22916 -5.56776e-07
log_initdevs(14)     -1.23075  1.88988e-08
log_initdevs(15)     -1.23265 -1.45215e-06
log_rec_devs(1964)     -1.06894  3.46057e-05
log_rec_devs(1965)     0.121472 -4.36809e-05
log_rec_devs(1966)    -0.209933  6.32001e-05
log_rec_devs(1967)     0.317835  0.000119629
log_rec_devs(1968)     0.174811   0.00010926
log_rec_devs(1969)     0.342332 -3.24277e-06
log_rec_devs(1970)     0.236007 -0.000125989
log_rec_devs(1971)    -0.252934 -0.000167016
log_rec_devs(1972)    -0.455349 -0.000110811
log_rec_devs(1973)     0.366148 -0.000165776
log_rec_devs(1974)    0.0484023 -0.000148021
log_rec_devs(1975)    -0.121294 -4.18485e-05
log_rec_devs(1976)    -0.384488  2.19063e-05
log_rec_devs(1977)     -0.33227  4.18536e-05
log_rec_devs(1978)      0.27308  7.23379e-05
log_rec_devs(1979)       1.1241  0.000125528
log_rec_devs(1980)     0.385981  4.62554e-05
log_rec_devs(1981)     0.542735  9.17851e-05
log_rec_devs(1982)   -0.0156214  2.88886e-05
log_rec_devs(1983)      1.01399  9.45228e-05
log_rec_devs(1984)    -0.278935  2.53238e-06
log_rec_devs(1985)     0.562854  3.41974e-06
log_rec_devs(1986)    -0.391817 -1.04887e-05
log_rec_devs(1987)    -0.963238 -1.55401e-05
log_rec_devs(1988)     -1.22869  1.57901e-06
log_rec_devs(1989)    -0.488847  2.41375e-05
log_rec_devs(1990)     0.980534 -1.35989e-05
log_rec_devs(1991)     0.353525  0.000113077
log_rec_devs(1992)     0.200945 -2.80186e-05
log_rec_devs(1993)     0.880956 -0.000109219
log_rec_devs(1994)    -0.197806  1.38063e-05
log_rec_devs(1995)    -0.555039  7.20909e-06
log_rec_devs(1996)     0.173201  1.13672e-05
log_rec_devs(1997)     0.472864  -0.00016829
log_rec_devs(1998)     -0.24395 -1.85923e-05
log_rec_devs(1999)    -0.160909  1.23813e-05
log_rec_devs(2000)     0.270454  8.62292e-06
log_rec_devs(2001)     0.612865 -0.000102657
log_rec_devs(2002)     0.203181  9.88428e-05
log_rec_devs(2003)    -0.273349  9.55794e-05
log_rec_devs(2004)     -1.07253  2.10632e-05
log_rec_devs(2005)     -1.42383   2.4288e-05
log_rec_devs(2006)    -0.500987  2.23033e-05
log_rec_devs(2007)     0.279442   -3.827e-05
log_rec_devs(2008)    -0.353533  2.08777e-05
log_rec_devs(2009)     0.963332  -4.9524e-05
log_rec_devs(2010)     0.190147  3.47372e-05
log_rec_devs(2011)    -0.307662 -5.34793e-05
log_rec_devs(2012)    -0.451701  5.42989e-05
log_rec_devs(2013)     0.836013 -0.000160971
log_rec_devs(2014)      0.97318 -6.75071e-06
log_rec_devs(2015)     0.135971  4.93956e-05
log_rec_devs(2016)    -0.838106 -8.09409e-06
log_rec_devs(2017)    -0.837874 -7.18915e-05
log_rec_devs(2018)    -0.115964 -5.13409e-05
log_rec_devs(2019)      1.47641  -1.5376e-05
log_rec_devs(2020)    0.0967759 -0.000127065
log_rec_devs(2021)    -0.491847 -8.33618e-05
log_rec_devs(2022)     -0.47832 -4.18647e-05
log_rec_devs(2023)    -0.100487 -2.26749e-05
log_rec_devs(2024)   -0.0132896  8.98426e-05
log_F_devs(1964)    -0.652282  9.01099e-06
log_F_devs(1965)    -0.627345 -2.64369e-05
log_F_devs(1966)    -0.705132 -4.21104e-05
log_F_devs(1967)    -0.164994   3.2472e-05
log_F_devs(1968)    -0.178915 -0.000281263
log_F_devs(1969)    -0.136811  -6.8824e-05
log_F_devs(1970)     0.225957  0.000199792
log_F_devs(1971)     0.572909  0.000431053
log_F_devs(1972)     0.683723  0.000625906
log_F_devs(1973)     0.814051 -0.000420033
log_F_devs(1974)     0.877297 -6.34205e-06
log_F_devs(1975)       0.6842  0.000303476
log_F_devs(1976)     0.575224  -0.00040468
log_F_devs(1977)     0.464115 -0.000344544
log_F_devs(1978)     0.558136  0.000142967
log_F_devs(1979)     0.609392 -0.000270625
log_F_devs(1980)     0.547254  0.000114174
log_F_devs(1981)     0.242525  0.000174126
log_F_devs(1982)     -0.19076  0.000252961
log_F_devs(1983)    -0.389535 -0.000237162
log_F_devs(1984)    -0.430428 -0.000253185
log_F_devs(1985)    -0.434035 -0.000110831
log_F_devs(1986)    -0.518871  0.000101896
log_F_devs(1987)     -0.83574  0.000146026
log_F_devs(1988)    -0.529115 -4.94979e-05
log_F_devs(1989)    -0.501253 -4.49246e-05
log_F_devs(1990)   -0.0875977  2.36239e-05
log_F_devs(1991)     0.120738  3.92123e-05
log_F_devs(1992)     0.427859  1.25519e-05
log_F_devs(1993)  -0.00159312 -3.20684e-05
log_F_devs(1994)    -0.248932  0.000169091
log_F_devs(1995)    -0.266028 -8.64183e-05
log_F_devs(1996)   -0.0940716 -1.60629e-05
log_F_devs(1997)   -0.0626711 -6.18703e-05
log_F_devs(1998)    -0.242015  -4.5643e-05
log_F_devs(1999)    -0.476499  1.81116e-05
log_F_devs(2000)    -0.380764 -2.33028e-05
log_F_devs(2001)    -0.243661  1.26304e-05
log_F_devs(2002)   -0.0790709  0.000102246
log_F_devs(2003)  -0.00326368 -3.85164e-06
log_F_devs(2004)    -0.104667  0.000117264
log_F_devs(2005)    -0.167236 -0.000167437
log_F_devs(2006)    0.0411146 -0.000189507
log_F_devs(2007)     0.124117 -0.000102094
log_F_devs(2008)     0.234857  0.000136209
log_F_devs(2009)     0.215776 -2.39222e-05
log_F_devs(2010)    0.0365119 -4.02609e-07
log_F_devs(2011)     0.346283  0.000150776
log_F_devs(2012)     0.358255  0.000113725
log_F_devs(2013)     0.310405 -5.82892e-06
log_F_devs(2014)     0.257032 -0.000143564
log_F_devs(2015)      0.33802 -0.000226487
log_F_devs(2016)    0.0207281 -7.75503e-05
log_F_devs(2017)  -0.00584344  0.000140852
log_F_devs(2018)    -0.222923  0.000131799
log_F_devs(2019)    -0.109985  0.000247493
log_F_devs(2020)     0.123219  0.000305745
log_F_devs(2021)    0.0654463  0.000214127
log_F_devs(2022)      -0.2851  6.39749e-05
log_F_devs(2023)    -0.301308 -0.000345358
log_F_devs(2024)    -0.196698 -0.000430442
sel_devs_fsh(1,1)    0.0525372 -1.49532e-06
sel_devs_fsh(1,2)       0.0925 -2.07205e-05
sel_devs_fsh(1,3)      0.14308 -1.78893e-05
sel_devs_fsh(1,4)   -0.0413933  7.70012e-05
sel_devs_fsh(1,5)   -0.0416275  3.39821e-05
sel_devs_fsh(1,6)   -0.0558871 -0.000302613
sel_devs_fsh(1,7)   -0.0478696  0.000212664
sel_devs_fsh(1,8)   -0.0386499  0.000106165
sel_devs_fsh(1,9)   -0.0277492  0.000108984
sel_devs_fsh(1,10)   -0.0181418 -0.000340769
sel_devs_fsh(1,11)   -0.0108576  0.000365078
sel_devs_fsh(1,12)  -0.00594112 -0.000222008
sel_devs_fsh(2,1)    0.0598544  5.35666e-05
sel_devs_fsh(2,2)    0.0997333 -7.72029e-05
sel_devs_fsh(2,3)     0.242906  8.08535e-07
sel_devs_fsh(2,4)    -0.132229  3.52048e-05
sel_devs_fsh(2,5)   -0.0948696  5.61914e-05
sel_devs_fsh(2,6)   -0.0735037 -0.000322125
sel_devs_fsh(2,7)   -0.0521621  0.000181125
sel_devs_fsh(2,8)   -0.0325214   0.00014568
sel_devs_fsh(2,9)   -0.0194894  0.000170389
sel_devs_fsh(2,10)  -0.00812374 -0.000258349
sel_devs_fsh(2,11)   0.00141032  0.000339153
sel_devs_fsh(2,12)   0.00899556 -0.000324547
sel_devs_fsh(3,1)     0.124669  9.44905e-06
sel_devs_fsh(3,2)    0.0998367 -2.62863e-05
sel_devs_fsh(3,3)   0.00628083  2.98443e-06
sel_devs_fsh(3,4)  -0.00628524   5.0085e-05
sel_devs_fsh(3,5)    -0.047247 -3.18361e-07
sel_devs_fsh(3,6)   -0.0513605 -0.000331704
sel_devs_fsh(3,7)   -0.0483756  0.000245854
sel_devs_fsh(3,8)   -0.0374893  0.000121879
sel_devs_fsh(3,9)   -0.0241138  0.000109834
sel_devs_fsh(3,10)   -0.0118233 -0.000152353
sel_devs_fsh(3,11)  -0.00395872  0.000273264
sel_devs_fsh(3,12) -0.000132228 -0.000294632
sel_devs_fsh(4,1)       0.1318  1.82933e-05
sel_devs_fsh(4,2)    0.0666771 -1.10552e-05
sel_devs_fsh(4,3)      0.15668 -1.86665e-05
sel_devs_fsh(4,4)     -0.10568  6.75497e-05
sel_devs_fsh(4,5)    -0.101904  2.09452e-05
sel_devs_fsh(4,6)   -0.0924673 -0.000319463
sel_devs_fsh(4,7)   -0.0789815  0.000269094
sel_devs_fsh(4,8)    -0.023116  9.70449e-05
sel_devs_fsh(4,9)  -0.00453663 -3.02056e-05
sel_devs_fsh(4,10)    0.0105751 -0.000115884
sel_devs_fsh(4,11)    0.0176693  0.000189456
sel_devs_fsh(4,12)    0.0232831 -0.000168668
sel_devs_fsh(5,1)      0.18781 -1.05279e-05
sel_devs_fsh(5,2)     0.136806 -6.02096e-05
sel_devs_fsh(5,3)   -0.0324753 -4.28694e-06
sel_devs_fsh(5,4)    -0.252395  6.79159e-05
sel_devs_fsh(5,5)    -0.122936  4.09238e-05
sel_devs_fsh(5,6)    -0.107569 -0.000332454
sel_devs_fsh(5,7)   -0.0495307   0.00022954
sel_devs_fsh(5,8)    0.0101304  0.000143071
sel_devs_fsh(5,9)    0.0370753  1.14442e-06
sel_devs_fsh(5,10)    0.0529767 -0.000106056
sel_devs_fsh(5,11)    0.0599773  0.000291437
sel_devs_fsh(5,12)    0.0801292 -0.000276115
sel_devs_fsh(6,1)    0.0103796  3.69981e-05
sel_devs_fsh(6,2)    0.0287669 -4.53592e-05
sel_devs_fsh(6,3)   -0.0801609  -6.8383e-06
sel_devs_fsh(6,4)    -0.049144  0.000104494
sel_devs_fsh(6,5)  -0.00140998  6.01664e-05
sel_devs_fsh(6,6)   -0.0145156 -0.000301802
sel_devs_fsh(6,7)   -0.0491417  0.000209634
sel_devs_fsh(6,8)   0.00650516  6.16985e-05
sel_devs_fsh(6,9)    0.0278153   3.6357e-05
sel_devs_fsh(6,10)    0.0331014 -0.000135679
sel_devs_fsh(6,11)    0.0376587  0.000262233
sel_devs_fsh(6,12)    0.0501456 -0.000272279
sel_devs_fsh(7,1)    -0.232712   4.2473e-05
sel_devs_fsh(7,2)     0.197863 -7.26131e-05
sel_devs_fsh(7,3)     0.116697 -2.17813e-05
sel_devs_fsh(7,4)    0.0803775  4.52011e-05
sel_devs_fsh(7,5)   -0.0210138  4.35105e-05
sel_devs_fsh(7,6)  -0.00761405 -0.000267583
sel_devs_fsh(7,7)   -0.0171982  0.000241316
sel_devs_fsh(7,8)   -0.0308607  0.000103887
sel_devs_fsh(7,9)   -0.0138857 -2.19003e-05
sel_devs_fsh(7,10)   -0.0162232  -7.2365e-05
sel_devs_fsh(7,11)   -0.0226437  0.000277867
sel_devs_fsh(7,12)   -0.0327859 -0.000298762
sel_devs_fsh(8,1)    -0.253211  5.80123e-06
sel_devs_fsh(8,2)      0.10771 -6.25199e-05
sel_devs_fsh(8,3)    0.0696093  3.35911e-05
sel_devs_fsh(8,4)    0.0501745  8.20483e-05
sel_devs_fsh(8,5)    0.0392764  1.33193e-05
sel_devs_fsh(8,6)    0.0488935 -0.000329771
sel_devs_fsh(8,7)    0.0286207  0.000214139
sel_devs_fsh(8,8)   2.8936e-05  0.000166006
sel_devs_fsh(8,9)   -0.0102997  9.55084e-05
sel_devs_fsh(8,10)    -0.017481 -0.000152162
sel_devs_fsh(8,11)   -0.0255689   0.00016807
sel_devs_fsh(8,12)   -0.0377524 -0.000235637
sel_devs_fsh(9,1)    -0.210724 -3.79336e-05
sel_devs_fsh(9,2)     0.145979  6.62744e-06
sel_devs_fsh(9,3)     0.181096 -1.57662e-05
sel_devs_fsh(9,4)     0.037368  6.58007e-05
sel_devs_fsh(9,5)   0.00774155  3.77723e-05
sel_devs_fsh(9,6)  -0.00342106  -0.00031921
sel_devs_fsh(9,7)  -0.00275963  0.000259286
sel_devs_fsh(9,8)   -0.0281019  6.67394e-05
sel_devs_fsh(9,9)    -0.021164 -5.54705e-05
sel_devs_fsh(9,10)   -0.0250131 -2.94561e-05
sel_devs_fsh(9,11)   -0.0324908  0.000215585
sel_devs_fsh(9,12)   -0.0485105 -0.000194636
sel_devs_fsh(10,1)    -0.193841  8.37278e-06
sel_devs_fsh(10,2)    -0.174947  4.84157e-06
sel_devs_fsh(10,3)     0.130675 -5.60047e-05
sel_devs_fsh(10,4)    0.0807704  6.10631e-05
sel_devs_fsh(10,5)    0.0443154  1.75768e-05
sel_devs_fsh(10,6)    0.0369596 -0.000305356
sel_devs_fsh(10,7)     0.034901  0.000202613
sel_devs_fsh(10,8)  -0.00331097  0.000119711
sel_devs_fsh(10,9)   0.00567801   9.5274e-06
sel_devs_fsh(10,10)    0.0129623 -0.000236091
sel_devs_fsh(10,11)    0.0128457  0.000259048
sel_devs_fsh(10,12)    0.0129925  -8.7404e-05
sel_devs_fsh(11,1)     -0.19248 -1.26749e-05
sel_devs_fsh(11,2)   -0.0721697 -2.29624e-05
sel_devs_fsh(11,3)   -0.0840462 -9.29479e-05
sel_devs_fsh(11,4)    0.0901256  3.61867e-05
sel_devs_fsh(11,5)    0.0755159  2.67241e-05
sel_devs_fsh(11,6)    0.0630735 -0.000292198
sel_devs_fsh(11,7)    0.0563322   0.00028713
sel_devs_fsh(11,8)    0.0155021   0.00015412
sel_devs_fsh(11,9)    0.0118849   1.2055e-05
sel_devs_fsh(11,10)    0.0131446 -9.31334e-05
sel_devs_fsh(11,11)    0.0124219  0.000164737
sel_devs_fsh(11,12)    0.0106955 -0.000162236
sel_devs_fsh(12,1)    -0.182685  2.86821e-05
sel_devs_fsh(12,2)    0.0178836 -6.69763e-05
sel_devs_fsh(12,3)    -0.132281 -7.40598e-05
sel_devs_fsh(12,4)   -0.0528105  5.23199e-05
sel_devs_fsh(12,5)    0.0576601  3.97549e-05
sel_devs_fsh(12,6)    0.0618945 -0.000289848
sel_devs_fsh(12,7)    0.0606813  0.000233819
sel_devs_fsh(12,8)    0.0358377  0.000156257
sel_devs_fsh(12,9)    0.0283125  6.44573e-05
sel_devs_fsh(12,10)    0.0340732 -0.000170249
sel_devs_fsh(12,11)    0.0352989  0.000321634
sel_devs_fsh(12,12)    0.0361356 -0.000277957
sel_devs_fsh(13,1)    -0.223886 -5.24147e-05
sel_devs_fsh(13,2)    -0.140853 -0.000144523
sel_devs_fsh(13,3)   -0.0441385 -2.72862e-05
sel_devs_fsh(13,4)   -0.0296974  8.00666e-05
sel_devs_fsh(13,5)    0.0435355 -8.60501e-06
sel_devs_fsh(13,6)    0.0540633 -0.000265578
sel_devs_fsh(13,7)    0.0681771  0.000255241
sel_devs_fsh(13,8)    0.0678178  0.000127735
sel_devs_fsh(13,9)    0.0549979  3.06518e-05
sel_devs_fsh(13,10)    0.0494445 -7.85499e-05
sel_devs_fsh(13,11)    0.0505618   0.00018346
sel_devs_fsh(13,12)    0.0499772 -9.66244e-05
sel_devs_fsh(14,1)    -0.179537 -1.10727e-05
sel_devs_fsh(14,2)    -0.379621 -4.18526e-06
sel_devs_fsh(14,3)    -0.172978  1.00632e-06
sel_devs_fsh(14,4)   -0.0429639  0.000142261
sel_devs_fsh(14,5)    0.0824077   3.8668e-05
sel_devs_fsh(14,6)     0.140057 -0.000336314
sel_devs_fsh(14,7)     0.123473  0.000275198
sel_devs_fsh(14,8)     0.123492  6.76418e-05
sel_devs_fsh(14,9)    0.0992491   4.2184e-06
sel_devs_fsh(14,10)    0.0717834 -7.43966e-05
sel_devs_fsh(14,11)    0.0684771  0.000325242
sel_devs_fsh(14,12)    0.0661624 -0.000415763
sel_devs_fsh(15,1)    -0.198428 -3.16501e-05
sel_devs_fsh(15,2)    -0.487293 -0.000145525
sel_devs_fsh(15,3)    -0.274634  2.25144e-05
sel_devs_fsh(15,4)    0.0658579  6.26598e-05
sel_devs_fsh(15,5)      0.11504  8.96242e-05
sel_devs_fsh(15,6)     0.151159 -0.000368659
sel_devs_fsh(15,7)     0.148212  0.000260944
sel_devs_fsh(15,8)      0.13938   0.00011437
sel_devs_fsh(15,9)      0.09485  -3.8237e-05
sel_devs_fsh(15,10)    0.0839608 -0.000171461
sel_devs_fsh(15,11)    0.0824469  0.000216006
sel_devs_fsh(15,12)     0.079447 -2.49714e-05
sel_devs_fsh(16,1)    -0.164877  1.08282e-05
sel_devs_fsh(16,2)    -0.272784 -4.09631e-05
sel_devs_fsh(16,3)    -0.279677 -2.52208e-05
sel_devs_fsh(16,4)   -0.0226258  0.000102485
sel_devs_fsh(16,5)     0.116755 -2.91541e-05
sel_devs_fsh(16,6)    0.0849247 -0.000328519
sel_devs_fsh(16,7)    0.0935155  0.000258168
sel_devs_fsh(16,8)    0.0978558  1.02729e-05
sel_devs_fsh(16,9)     0.092253  8.35512e-06
sel_devs_fsh(16,10)    0.0860141 -9.75856e-05
sel_devs_fsh(16,11)    0.0835585  0.000343581
sel_devs_fsh(16,12)    0.0850866 -0.000206409
sel_devs_fsh(17,1)    -0.130235  0.000105109
sel_devs_fsh(17,2)     -0.10182 -7.02233e-05
sel_devs_fsh(17,3)    -0.300705 -4.26525e-05
sel_devs_fsh(17,4)   -0.0210381  0.000119587
sel_devs_fsh(17,5)    0.0259881 -4.48326e-05
sel_devs_fsh(17,6)    0.0653758 -0.000285977
sel_devs_fsh(17,7)    0.0648885  0.000268463
sel_devs_fsh(17,8)    0.0734412 -0.000120903
sel_devs_fsh(17,9)    0.0778719   2.1205e-05
sel_devs_fsh(17,10)    0.0797226  5.85067e-06
sel_devs_fsh(17,11)    0.0817366  0.000270393
sel_devs_fsh(17,12)    0.0847707  -0.00025314
sel_devs_fsh(18,1)    -0.147187 -2.91662e-05
sel_devs_fsh(18,2)     0.102924 -1.94037e-05
sel_devs_fsh(18,3)   -0.0845555  -1.3042e-05
sel_devs_fsh(18,4)    -0.162095  0.000125818
sel_devs_fsh(18,5)   -0.0762015 -2.62654e-05
sel_devs_fsh(18,6)    0.0425899 -0.000248676
sel_devs_fsh(18,7)    0.0363895  0.000304142
sel_devs_fsh(18,8)    0.0328614  1.19105e-05
sel_devs_fsh(18,9)    0.0513986  5.37924e-05
sel_devs_fsh(18,10)    0.0594991 -0.000247478
sel_devs_fsh(18,11)    0.0687043  0.000290493
sel_devs_fsh(18,12)    0.0756706 -0.000217116
sel_devs_fsh(19,1)    -0.135771  7.74171e-05
sel_devs_fsh(19,2)    -0.150465 -3.65469e-05
sel_devs_fsh(19,3)    0.0631133  -3.3653e-05
sel_devs_fsh(19,4)   -0.0679945  5.39212e-05
sel_devs_fsh(19,5)    0.0615523  1.44592e-05
sel_devs_fsh(19,6)   0.00691357 -0.000209617
sel_devs_fsh(19,7)    0.0350565  0.000101105
sel_devs_fsh(19,8)    0.0267454  0.000126192
sel_devs_fsh(19,9)    0.0271796 -1.72505e-05
sel_devs_fsh(19,10)    0.0324273 -0.000156037
sel_devs_fsh(19,11)    0.0467843  0.000284416
sel_devs_fsh(19,12)    0.0544579 -0.000200695
sel_devs_fsh(20,1)    -0.151681  7.42734e-06
sel_devs_fsh(20,2)     0.045775   7.5867e-06
sel_devs_fsh(20,3)     0.139483  9.43492e-06
sel_devs_fsh(20,4)   -0.0778142  3.32995e-05
sel_devs_fsh(20,5)    -0.229997  3.11258e-05
sel_devs_fsh(20,6)    0.0734573 -0.000266484
sel_devs_fsh(20,7)    0.0425229  0.000338466
sel_devs_fsh(20,8)    0.0423708 -5.19155e-05
sel_devs_fsh(20,9)    0.0183093 -2.87339e-05
sel_devs_fsh(20,10)    0.0241973 -0.000147828
sel_devs_fsh(20,11)    0.0332071  0.000273782
sel_devs_fsh(20,12)    0.0401685 -0.000208542
sel_devs_fsh(21,1)    -0.159424  2.93478e-05
sel_devs_fsh(21,2)   -0.0309352 -5.58447e-06
sel_devs_fsh(21,3)    0.0777471 -3.40615e-05
sel_devs_fsh(21,4)      0.16448   0.00010544
sel_devs_fsh(21,5)   -0.0159639  9.36134e-05
sel_devs_fsh(21,6)   -0.0742963 -0.000222641
sel_devs_fsh(21,7)    0.0222445  6.40715e-05
sel_devs_fsh(21,8)   -0.0306661 -1.65502e-05
sel_devs_fsh(21,9)    0.0229736  1.55311e-05
sel_devs_fsh(21,10)   0.00367719 -0.000144613
sel_devs_fsh(21,11)    0.0025324  0.000290037
sel_devs_fsh(21,12)    0.0176298 -0.000179469
sel_devs_fsh(22,1)    -0.161061  -3.1878e-05
sel_devs_fsh(22,2)   -0.0780097 -2.64139e-05
sel_devs_fsh(22,3)     0.122345 -4.13136e-05
sel_devs_fsh(22,4)   -0.0839409   3.9007e-05
sel_devs_fsh(22,5)     0.013926  3.53711e-05
sel_devs_fsh(22,6)   -0.0374014 -0.000161939
sel_devs_fsh(22,7)   -0.0958531  0.000142086
sel_devs_fsh(22,8)     0.136144  2.22331e-05
sel_devs_fsh(22,9)    0.0865077 -1.30808e-05
sel_devs_fsh(22,10)    0.0636191 -5.19052e-05
sel_devs_fsh(22,11)    0.0280396  0.000273925
sel_devs_fsh(22,12)   0.00568468 -0.000186808
sel_devs_fsh(23,1)    -0.194275 -1.89281e-05
sel_devs_fsh(23,2)    -0.114702 -2.59463e-05
sel_devs_fsh(23,3)     0.461232 -3.50493e-05
sel_devs_fsh(23,4)    0.0451779  2.76591e-05
sel_devs_fsh(23,5)      0.12446  7.50208e-05
sel_devs_fsh(23,6)   -0.0526489 -0.000183587
sel_devs_fsh(23,7)     0.133624  0.000154978
sel_devs_fsh(23,8)   -0.0935516  8.24385e-05
sel_devs_fsh(23,9)   -0.0905009    1.958e-05
sel_devs_fsh(23,10)    -0.112042 -0.000148503
sel_devs_fsh(23,11)   -0.0655623  0.000244659
sel_devs_fsh(23,12)   -0.0412084  -0.00016004
sel_devs_fsh(24,1)    -0.162909 -4.42184e-05
sel_devs_fsh(24,2)   -0.0738074  3.72572e-05
sel_devs_fsh(24,3)    -0.382388 -4.47459e-05
sel_devs_fsh(24,4)     0.167677  7.76368e-05
sel_devs_fsh(24,5)    0.0364677  7.32644e-05
sel_devs_fsh(24,6)    0.0825902 -0.000190425
sel_devs_fsh(24,7)     0.127054   0.00022232
sel_devs_fsh(24,8)     0.105124  2.08817e-05
sel_devs_fsh(24,9)    0.0260596 -7.67613e-05
sel_devs_fsh(24,10)    0.0689095 -8.10214e-05
sel_devs_fsh(24,11)    0.0215954  0.000254911
sel_devs_fsh(24,12)    -0.016372 -0.000244459
sel_devs_fsh(25,1)    -0.153411  2.58484e-05
sel_devs_fsh(25,2)   -0.0416484 -6.28809e-05
sel_devs_fsh(25,3)    -0.345604  -6.4574e-06
sel_devs_fsh(25,4)    0.0383768  0.000113536
sel_devs_fsh(25,5)     0.183455  5.04976e-05
sel_devs_fsh(25,6)    0.0585036 -0.000210806
sel_devs_fsh(25,7)   -0.0281466  6.59614e-05
sel_devs_fsh(25,8)    0.0457857  0.000142223
sel_devs_fsh(25,9)     0.059351  4.82767e-05
sel_devs_fsh(25,10)   -0.0170293 -0.000185238
sel_devs_fsh(25,11)     0.128427    0.0001801
sel_devs_fsh(25,12)      0.07194 -0.000165359
sel_devs_fsh(26,1)   -0.0808218  2.30553e-05
sel_devs_fsh(26,2)   0.00260207  -4.5733e-05
sel_devs_fsh(26,3)    -0.371011 -5.13505e-05
sel_devs_fsh(26,4)    -0.322502  8.73857e-05
sel_devs_fsh(26,5)    -0.223307  6.66642e-05
sel_devs_fsh(26,6)   -0.0621928 -0.000213889
sel_devs_fsh(26,7)     0.126688  0.000166464
sel_devs_fsh(26,8)   -0.0284439  -1.6822e-06
sel_devs_fsh(26,9)     0.165126  -6.7612e-06
sel_devs_fsh(26,10)     0.104494 -7.18257e-05
sel_devs_fsh(26,11)     0.353638  0.000192739
sel_devs_fsh(26,12)      0.33573 -0.000141569
sel_devs_fsh(27,1)    -0.156465 -6.43243e-05
sel_devs_fsh(27,2)   -0.0672142 -6.09075e-05
sel_devs_fsh(27,3)     0.503111  -2.9231e-05
sel_devs_fsh(27,4)    -0.261923  0.000106515
sel_devs_fsh(27,5)    -0.344254  7.39417e-05
sel_devs_fsh(27,6)    -0.042931 -0.000158822
sel_devs_fsh(27,7)   -0.0279181   5.0605e-05
sel_devs_fsh(27,8)     0.215256   9.1008e-05
sel_devs_fsh(27,9)     0.108118  6.77121e-06
sel_devs_fsh(27,10)     0.233138 -0.000229576
sel_devs_fsh(27,11)    -0.113107  0.000262974
sel_devs_fsh(27,12)   -0.0458121 -6.71215e-05
sel_devs_fsh(28,1)    -0.144821 -2.29063e-05
sel_devs_fsh(28,2)     -0.48952 -3.36306e-05
sel_devs_fsh(28,3)   -0.0305296  4.37666e-05
sel_devs_fsh(28,4)     0.796222  0.000134168
sel_devs_fsh(28,5) -8.75584e-05  6.19547e-05
sel_devs_fsh(28,6)    0.0152706 -0.000174531
sel_devs_fsh(28,7)    0.0857941  0.000131576
sel_devs_fsh(28,8)    0.0254098  3.77003e-05
sel_devs_fsh(28,9)   -0.0125711 -2.82909e-05
sel_devs_fsh(28,10)   -0.0511606 -0.000205256
sel_devs_fsh(28,11)    -0.124657  0.000180302
sel_devs_fsh(28,12)    -0.069347 -9.28897e-05
sel_devs_fsh(29,1)   -0.0509088 -6.54735e-05
sel_devs_fsh(29,2)   0.00936656 -3.56295e-05
sel_devs_fsh(29,3)    -0.776685  4.27264e-05
sel_devs_fsh(29,4)    -0.295397  3.45084e-05
sel_devs_fsh(29,5)     0.908105  -6.4775e-05
sel_devs_fsh(29,6)     0.259696 -0.000248886
sel_devs_fsh(29,7)    0.0249927  0.000217038
sel_devs_fsh(29,8)   -0.0247325  8.08796e-05
sel_devs_fsh(29,9)   -0.0332836  6.60873e-05
sel_devs_fsh(29,10)  -0.00732692 -0.000151025
sel_devs_fsh(29,11)    0.0217356  0.000185554
sel_devs_fsh(29,12)   -0.0355652 -0.000101411
sel_devs_fsh(30,1)   -0.0207909 -7.28676e-05
sel_devs_fsh(30,2)     0.186479 -2.39487e-05
sel_devs_fsh(30,3)    -0.288914 -0.000120572
sel_devs_fsh(30,4)    -0.687635  2.06936e-06
sel_devs_fsh(30,5)    -0.358722  6.10884e-05
sel_devs_fsh(30,6)     0.466113 -0.000101758
sel_devs_fsh(30,7)     0.148336  0.000162578
sel_devs_fsh(30,8)     0.163764  9.86515e-05
sel_devs_fsh(30,9)     0.133718    4.606e-05
sel_devs_fsh(30,10)      0.11644 -0.000170373
sel_devs_fsh(30,11)    0.0859285  0.000183809
sel_devs_fsh(30,12)     0.055282 -9.19643e-05
sel_devs_fsh(31,1)   -0.0354216  5.72388e-06
sel_devs_fsh(31,2)     0.515627 -4.15574e-05
sel_devs_fsh(31,3)     0.280186 -0.000122442
sel_devs_fsh(31,4)    -0.792684  0.000135087
sel_devs_fsh(31,5)    -0.743908  4.00268e-05
sel_devs_fsh(31,6)    -0.356806 -0.000217969
sel_devs_fsh(31,7)     0.274922  0.000102971
sel_devs_fsh(31,8)      0.30674  7.71295e-05
sel_devs_fsh(31,9)     0.226036  4.55615e-05
sel_devs_fsh(31,10)     0.154352  -0.00025721
sel_devs_fsh(31,11)    0.0998251   0.00014779
sel_devs_fsh(31,12)    0.0711193 -0.000106345
sel_devs_fsh(32,1)    -0.134985  2.90037e-05
sel_devs_fsh(32,2)     0.347177 -2.27158e-05
sel_devs_fsh(32,3)     0.155108 -0.000114581
sel_devs_fsh(32,4)     0.658928  0.000185494
sel_devs_fsh(32,5)   -0.0159681 -0.000123613
sel_devs_fsh(32,6)    -0.410217 -7.21369e-05
sel_devs_fsh(32,7)    -0.412972  4.63931e-05
sel_devs_fsh(32,8)    -0.301827  1.91951e-05
sel_devs_fsh(32,9)  -0.00416521 -3.54185e-05
sel_devs_fsh(32,10)    0.0317602 -0.000107903
sel_devs_fsh(32,11)    0.0401543  0.000284912
sel_devs_fsh(32,12)    0.0470052 -9.94676e-05
sel_devs_fsh(33,1)    -0.107501  1.00012e-05
sel_devs_fsh(33,2)    -0.382122 -4.37728e-05
sel_devs_fsh(33,3)     0.281015 -0.000107417
sel_devs_fsh(33,4)      0.24006  5.87497e-05
sel_devs_fsh(33,5)      0.19729 -4.18485e-05
sel_devs_fsh(33,6)     0.278533 -0.000165556
sel_devs_fsh(33,7)    -0.242108  0.000133703
sel_devs_fsh(33,8)   -0.0662757  0.000108529
sel_devs_fsh(33,9)   -0.0732211  4.76519e-05
sel_devs_fsh(33,10)   -0.0470625 -0.000251024
sel_devs_fsh(33,11)   -0.0448671  0.000264614
sel_devs_fsh(33,12)   -0.0337405 -1.47438e-05
sel_devs_fsh(34,1)    -0.153223  3.85318e-05
sel_devs_fsh(34,2)    -0.379079  8.47766e-06
sel_devs_fsh(34,3)     0.828154  0.000152332
sel_devs_fsh(34,4)     0.459914 -9.54698e-05
sel_devs_fsh(34,5)     0.150788 -8.20904e-06
sel_devs_fsh(34,6)    -0.237076 -0.000104054
sel_devs_fsh(34,7)      0.25046  2.70137e-05
sel_devs_fsh(34,8)    -0.113815   6.5158e-05
sel_devs_fsh(34,9)    -0.280951  8.87023e-05
sel_devs_fsh(34,10)    -0.245741  -8.5556e-05
sel_devs_fsh(34,11)    -0.176719  0.000226019
sel_devs_fsh(34,12)    -0.102703 -0.000173622
sel_devs_fsh(35,1)   -0.0806721 -1.68475e-05
sel_devs_fsh(35,2)    -0.152702 -2.38108e-05
sel_devs_fsh(35,3)     -0.54937  6.26665e-05
sel_devs_fsh(35,4)      0.30475  0.000215844
sel_devs_fsh(35,5)     0.422183  -5.3483e-05
sel_devs_fsh(35,6)    0.0117268  -0.00016821
sel_devs_fsh(35,7)   -0.0216451  9.65888e-05
sel_devs_fsh(35,8)     0.234154  8.53981e-05
sel_devs_fsh(35,9)    0.0190481  2.69065e-05
sel_devs_fsh(35,10)   -0.0545992 -0.000310833
sel_devs_fsh(35,11)   -0.0550464  0.000226965
sel_devs_fsh(35,12)   -0.0778267 -0.000133906
sel_devs_fsh(36,1)   -0.0357817  1.00001e-05
sel_devs_fsh(36,2)    -0.203575 -1.29868e-05
sel_devs_fsh(36,3)    -0.453727  3.90001e-05
sel_devs_fsh(36,4)     -0.29941  0.000106573
sel_devs_fsh(36,5)     0.259312  5.65179e-05
sel_devs_fsh(36,6)     0.617399 -1.69834e-05
sel_devs_fsh(36,7)      0.13661  4.38914e-05
sel_devs_fsh(36,8)   -0.0943405  1.69769e-05
sel_devs_fsh(36,9)    0.0325502  3.13951e-05
sel_devs_fsh(36,10)    0.0378828 -0.000188779
sel_devs_fsh(36,11)    0.0236988  0.000137918
sel_devs_fsh(36,12)   -0.0206186 -0.000210232
sel_devs_fsh(37,1)   -0.0799377  4.49673e-05
sel_devs_fsh(37,2)     0.170573 -3.48883e-05
sel_devs_fsh(37,3)    0.0743432 -0.000142943
sel_devs_fsh(37,4)   -0.0156584  8.73547e-05
sel_devs_fsh(37,5)    -0.223509 -7.30827e-05
sel_devs_fsh(37,6)    0.0621927 -0.000112282
sel_devs_fsh(37,7)    0.0797413  0.000147085
sel_devs_fsh(37,8)    0.0661814  0.000159486
sel_devs_fsh(37,9)    0.0479072  4.13509e-05
sel_devs_fsh(37,10)    -0.020944 -0.000232826
sel_devs_fsh(37,11)   -0.0844536  0.000233416
sel_devs_fsh(37,12)   -0.0764355 -0.000117215
sel_devs_fsh(38,1)   -0.0843913 -4.89181e-07
sel_devs_fsh(38,2)    -0.335439 -7.21076e-05
sel_devs_fsh(38,3)     0.679533 -5.29637e-05
sel_devs_fsh(38,4)   -0.0632109  0.000100152
sel_devs_fsh(38,5)    0.0334861   2.9353e-05
sel_devs_fsh(38,6)     -0.17204 -0.000230345
sel_devs_fsh(38,7)    0.0382649  2.63992e-05
sel_devs_fsh(38,8)     0.043233  4.11147e-05
sel_devs_fsh(38,9)   0.00974426  8.12972e-05
sel_devs_fsh(38,10)  -0.00860044 -0.000156848
sel_devs_fsh(38,11)   -0.0748504  0.000278217
sel_devs_fsh(38,12)   -0.0657297 -5.06108e-05
sel_devs_fsh(39,1)   -0.0397287 -7.30081e-05
sel_devs_fsh(39,2)    -0.146661 -4.54153e-05
sel_devs_fsh(39,3)    -0.667061   8.5302e-05
sel_devs_fsh(39,4)     0.731411  1.62982e-05
sel_devs_fsh(39,5)    0.0305721  -0.00012632
sel_devs_fsh(39,6)    -0.118207   3.1729e-05
sel_devs_fsh(39,7)  -0.00462038 -2.68407e-05
sel_devs_fsh(39,8)    0.0244147  1.99447e-05
sel_devs_fsh(39,9)    0.0483312  1.29318e-05
sel_devs_fsh(39,10)    0.0538725 -7.89126e-05
sel_devs_fsh(39,11)    0.0726676  0.000323223
sel_devs_fsh(39,12)    0.0150099 -0.000122305
sel_devs_fsh(40,1)   -0.0687008 -6.07776e-05
sel_devs_fsh(40,2)    0.0754371 -4.22733e-05
sel_devs_fsh(40,3)   0.00219399 -7.83521e-05
sel_devs_fsh(40,4)    -0.325091  0.000162327
sel_devs_fsh(40,5)      0.43962  7.91253e-05
sel_devs_fsh(40,6)     0.254769 -0.000122914
sel_devs_fsh(40,7)    -0.111548  6.64269e-05
sel_devs_fsh(40,8)    -0.157242  9.51715e-05
sel_devs_fsh(40,9)   -0.0613514 -2.73507e-05
sel_devs_fsh(40,10)   0.00239944 -0.000283941
sel_devs_fsh(40,11)  -0.00109295  0.000269551
sel_devs_fsh(40,12)   -0.0493934 -4.25602e-05
sel_devs_fsh(41,1)   -0.0968179 -2.51581e-05
sel_devs_fsh(41,2)    0.0932384 -2.75923e-05
sel_devs_fsh(41,3)     0.562873  2.28177e-05
sel_devs_fsh(41,4)   -0.0737701  9.04484e-05
sel_devs_fsh(41,5)     -0.30464  2.01002e-05
sel_devs_fsh(41,6)   -0.0495687 -3.97287e-05
sel_devs_fsh(41,7)   -0.0593373  5.84708e-05
sel_devs_fsh(41,8)   -0.0297653  9.44658e-05
sel_devs_fsh(41,9)   -0.0761651 -4.38771e-05
sel_devs_fsh(41,10)   -0.0336511 -0.000204158
sel_devs_fsh(41,11)    0.0184438  0.000212978
sel_devs_fsh(41,12)    0.0491592   -0.0001804
sel_devs_fsh(42,1)   -0.0563095 -2.44665e-06
sel_devs_fsh(42,2)     0.033119 -3.79368e-05
sel_devs_fsh(42,3)   -0.0518384 -6.70766e-06
sel_devs_fsh(42,4)     0.016865  6.25769e-05
sel_devs_fsh(42,5)   -0.0434329  3.95857e-05
sel_devs_fsh(42,6)   0.00804295 -9.62917e-05
sel_devs_fsh(42,7)    0.0282018 -7.18292e-06
sel_devs_fsh(42,8)   -0.0595734  0.000138262
sel_devs_fsh(42,9)   -0.0277299  0.000107299
sel_devs_fsh(42,10)    0.0030396 -0.000167794
sel_devs_fsh(42,11)    0.0515532  0.000206171
sel_devs_fsh(42,12)    0.0980598 -0.000277159
sel_devs_fsh(43,1)  -0.00550561  1.27774e-05
sel_devs_fsh(43,2)   -0.0675705  2.34728e-05
sel_devs_fsh(43,3)    -0.541574 -7.13719e-05
sel_devs_fsh(43,4)    -0.137306  0.000103658
sel_devs_fsh(43,5)   -0.0745807 -1.77584e-05
sel_devs_fsh(43,6)    0.0431104  -9.0771e-05
sel_devs_fsh(43,7)    0.0611836 -3.32721e-05
sel_devs_fsh(43,8)     0.130295 -2.04573e-05
sel_devs_fsh(43,9)      0.14609 -2.72822e-07
sel_devs_fsh(43,10)    0.0807165  3.16583e-05
sel_devs_fsh(43,11)     0.167839  0.000193552
sel_devs_fsh(43,12)     0.197302 -0.000119649
sel_devs_fsh(44,1)   -0.0348548  5.21901e-06
sel_devs_fsh(44,2)    -0.344607  3.16001e-06
sel_devs_fsh(44,3)     0.186639  2.57767e-05
sel_devs_fsh(44,4)    0.0380524  6.56784e-05
sel_devs_fsh(44,5)    -0.145197  9.17113e-05
sel_devs_fsh(44,6)   -0.0839558  -0.00012229
sel_devs_fsh(44,7)   -0.0454341  2.69621e-05
sel_devs_fsh(44,8)   -0.0104434  3.52184e-05
sel_devs_fsh(44,9)   0.00766514 -4.41294e-05
sel_devs_fsh(44,10)     0.152787 -0.000172751
sel_devs_fsh(44,11)      0.15247  0.000236336
sel_devs_fsh(44,12)     0.126878 -0.000156858
sel_devs_fsh(45,1)   0.00469575  4.93316e-05
sel_devs_fsh(45,2)    0.0790426 -9.61899e-05
sel_devs_fsh(45,3)     -0.60675  2.15553e-06
sel_devs_fsh(45,4)     0.435703  0.000108857
sel_devs_fsh(45,5)     0.161431  -5.2951e-05
sel_devs_fsh(45,6)    -0.251435 -6.41919e-05
sel_devs_fsh(45,7)   -0.0655297  1.47052e-05
sel_devs_fsh(45,8)     0.093171  0.000101211
sel_devs_fsh(45,9)    0.0960491 -5.94309e-05
sel_devs_fsh(45,10)    0.0286793 -0.000242093
sel_devs_fsh(45,11)   -0.0311663  0.000252917
sel_devs_fsh(45,12)    0.0561083 -2.22432e-05
sel_devs_fsh(46,1)    0.0109503  5.07363e-05
sel_devs_fsh(46,2)   -0.0550285 -6.11655e-05
sel_devs_fsh(46,3)    0.0409598 -5.55884e-06
sel_devs_fsh(46,4)     -1.07228  0.000130416
sel_devs_fsh(46,5)     0.419968  5.43448e-05
sel_devs_fsh(46,6)     0.353689 -8.34246e-05
sel_devs_fsh(46,7)     0.128062 -2.26311e-05
sel_devs_fsh(46,8)    0.0182372 -0.000108719
sel_devs_fsh(46,9)    0.0262237 -2.37147e-06
sel_devs_fsh(46,10)    0.0962319 -6.75676e-05
sel_devs_fsh(46,11)    0.0598329  0.000219243
sel_devs_fsh(46,12)   -0.0268453 -5.49811e-05
sel_devs_fsh(47,1)   -0.0232525   4.1142e-05
sel_devs_fsh(47,2)     0.198773 -3.04553e-05
sel_devs_fsh(47,3)     0.185594  6.23617e-05
sel_devs_fsh(47,4)     0.608494  8.72589e-05
sel_devs_fsh(47,5)     -1.08846 -5.09058e-05
sel_devs_fsh(47,6)   -0.0213843 -9.62096e-05
sel_devs_fsh(47,7)   0.00690462  5.33761e-05
sel_devs_fsh(47,8)    0.0358871  0.000145652
sel_devs_fsh(47,9)    0.0222374 -6.54228e-05
sel_devs_fsh(47,10)   -0.0398074 -2.80764e-05
sel_devs_fsh(47,11)    0.0316504  0.000110211
sel_devs_fsh(47,12)    0.0833669   -0.0001404
sel_devs_fsh(48,1)    0.0116865  1.11448e-05
sel_devs_fsh(48,2)    -0.202257 -2.64239e-05
sel_devs_fsh(48,3)     0.025081 -2.67604e-05
sel_devs_fsh(48,4)    -0.129437  0.000128527
sel_devs_fsh(48,5)      0.50357 -8.47654e-06
sel_devs_fsh(48,6)     -0.62224 -9.97608e-05
sel_devs_fsh(48,7)    -0.137655 -8.35675e-06
sel_devs_fsh(48,8)    0.0642372  8.23428e-05
sel_devs_fsh(48,9)     0.130344  4.81489e-06
sel_devs_fsh(48,10)     0.143925 -0.000158359
sel_devs_fsh(48,11)     0.113057  0.000172566
sel_devs_fsh(48,12)    0.0996877 -7.01213e-05
sel_devs_fsh(49,1)   -0.0187352  7.81313e-06
sel_devs_fsh(49,2)     0.151306 -1.46673e-06
sel_devs_fsh(49,3)   -0.0372493  2.46282e-05
sel_devs_fsh(49,4)    -0.141436  7.23347e-05
sel_devs_fsh(49,5)   -0.0997256 -7.45844e-06
sel_devs_fsh(49,6)     0.286693 -6.50955e-05
sel_devs_fsh(49,7)     0.124211  5.31776e-05
sel_devs_fsh(49,8)    -0.145264  8.57217e-05
sel_devs_fsh(49,9)    -0.120708 -4.81169e-05
sel_devs_fsh(49,10)  0.000712551  -0.00010471
sel_devs_fsh(49,11)  -0.00324824  0.000106972
sel_devs_fsh(49,12)   0.00344381 -0.000118335
sel_devs_fsh(50,1)    -0.013109   1.7599e-05
sel_devs_fsh(50,2)    -0.515155  2.02703e-05
sel_devs_fsh(50,3)      1.08755  6.17356e-05
sel_devs_fsh(50,4)     0.191104  0.000100967
sel_devs_fsh(50,5)    -0.175333 -8.30528e-05
sel_devs_fsh(50,6)   -0.0935923 -8.99678e-05
sel_devs_fsh(50,7)    -0.165549  3.66939e-05
sel_devs_fsh(50,8)    -0.130828  3.10721e-05
sel_devs_fsh(50,9)    -0.114838 -4.75191e-05
sel_devs_fsh(50,10)   -0.0339091  2.71665e-06
sel_devs_fsh(50,11)   -0.0209667  7.13498e-05
sel_devs_fsh(50,12)     -0.01537 -3.91124e-05
sel_devs_fsh(51,1)    0.0708839   2.3269e-05
sel_devs_fsh(51,2)    -0.110893 -1.24764e-05
sel_devs_fsh(51,3)     -1.45781  3.70262e-05
sel_devs_fsh(51,4)      1.07305  3.06218e-05
sel_devs_fsh(51,5)     0.300933  4.57749e-05
sel_devs_fsh(51,6)    0.0285468 -0.000134913
sel_devs_fsh(51,7)   -0.0708978  4.65363e-05
sel_devs_fsh(51,8)     0.232963  8.89256e-05
sel_devs_fsh(51,9)    0.0822532 -6.44247e-05
sel_devs_fsh(51,10)   -0.0863701  -4.5187e-05
sel_devs_fsh(51,11)   -0.0273301  0.000132712
sel_devs_fsh(51,12)   -0.0353218 -0.000150578
sel_devs_fsh(52,1)     0.059511  6.41773e-05
sel_devs_fsh(52,2)     0.144404 -6.33743e-05
sel_devs_fsh(52,3)    -0.289013   5.2293e-06
sel_devs_fsh(52,4)     -1.10598  7.50063e-05
sel_devs_fsh(52,5)     0.609959 -3.46068e-05
sel_devs_fsh(52,6)     0.348833  4.06448e-05
sel_devs_fsh(52,7)     0.211603 -6.23489e-06
sel_devs_fsh(52,8)   -0.0749432 -4.30461e-05
sel_devs_fsh(52,9)     0.105253 -2.98849e-05
sel_devs_fsh(52,10)     0.049249 -3.40894e-05
sel_devs_fsh(52,11)   -0.0304967  6.86535e-05
sel_devs_fsh(52,12)   -0.0283742 -3.95995e-05
sel_devs_fsh(53,1)    0.0362953  1.89561e-05
sel_devs_fsh(53,2)     0.193732 -6.15645e-05
sel_devs_fsh(53,3)    0.0692535  2.80243e-05
sel_devs_fsh(53,4)    -0.545393 -1.92662e-05
sel_devs_fsh(53,5)    0.0585134 -1.76306e-05
sel_devs_fsh(53,6)     0.207832 -0.000122967
sel_devs_fsh(53,7)     0.116113  8.23728e-05
sel_devs_fsh(53,8)     0.110464  0.000130526
sel_devs_fsh(53,9)   -0.0504154 -7.95183e-05
sel_devs_fsh(53,10)   -0.0758063 -5.92552e-06
sel_devs_fsh(53,11)   -0.0692963  7.82906e-05
sel_devs_fsh(53,12)   -0.0512927 -3.98727e-05
sel_devs_fsh(54,1)    0.0970498   1.6142e-05
sel_devs_fsh(54,2)     0.770601 -4.77478e-05
sel_devs_fsh(54,3)     0.145649  2.33201e-05
sel_devs_fsh(54,4)    -0.639496  0.000105516
sel_devs_fsh(54,5)     -1.36935 -7.36324e-05
sel_devs_fsh(54,6)    0.0750203 -8.93684e-05
sel_devs_fsh(54,7)     0.486252 -5.66067e-05
sel_devs_fsh(54,8)     0.272782  1.58733e-06
sel_devs_fsh(54,9)     0.174128 -2.21162e-05
sel_devs_fsh(54,10)     0.152912  7.68991e-05
sel_devs_fsh(54,11)   -0.0524895    0.0001152
sel_devs_fsh(54,12)    -0.113056 -4.48101e-05
sel_devs_fsh(55,1)     0.148071  8.94206e-06
sel_devs_fsh(55,2)      1.00222 -5.86205e-05
sel_devs_fsh(55,3)     0.652595  2.45706e-06
sel_devs_fsh(55,4)     0.746938  5.09995e-05
sel_devs_fsh(55,5)     0.215413 -7.25548e-06
sel_devs_fsh(55,6)    -0.524706 -7.80871e-06
sel_devs_fsh(55,7)    -0.648277  6.21483e-05
sel_devs_fsh(55,8)    -0.608271  1.69963e-05
sel_devs_fsh(55,9)    -0.344715 -0.000109219
sel_devs_fsh(55,10)    -0.297204  -3.6284e-05
sel_devs_fsh(55,11)    -0.146466  5.02849e-06
sel_devs_fsh(55,12)    -0.195596  7.11568e-05
sel_devs_fsh(56,1)   -0.0299276  2.66546e-05
sel_devs_fsh(56,2)     0.449961 -3.45671e-05
sel_devs_fsh(56,3)     0.924634  8.12982e-05
sel_devs_fsh(56,4)    -0.173495  7.21999e-05
sel_devs_fsh(56,5)    -0.118524 -3.24489e-05
sel_devs_fsh(56,6)    -0.576311 -0.000135981
sel_devs_fsh(56,7)    -0.169362  5.07659e-05
sel_devs_fsh(56,8)     0.103023  4.76315e-05
sel_devs_fsh(56,9)    -0.120699  -9.2631e-05
sel_devs_fsh(56,10)    -0.122298  1.83757e-05
sel_devs_fsh(56,11)    -0.100535  2.22694e-05
sel_devs_fsh(56,12)    -0.066466 -2.99792e-05
sel_devs_fsh(57,1)  0.000420405  3.93455e-05
sel_devs_fsh(57,2)     0.173042  3.02945e-05
sel_devs_fsh(57,3)    -0.276243 -4.46031e-05
sel_devs_fsh(57,4)     0.617106   3.9606e-05
sel_devs_fsh(57,5)    0.0921424 -2.69751e-05
sel_devs_fsh(57,6)   -0.0422071 -4.28971e-05
sel_devs_fsh(57,7)    -0.201326 -7.91788e-05
sel_devs_fsh(57,8)   -0.0535022   7.4876e-05
sel_devs_fsh(57,9)    -0.105891  2.30826e-05
sel_devs_fsh(57,10)    -0.172919  3.32571e-05
sel_devs_fsh(57,11)    -0.030689 -4.71026e-05
sel_devs_fsh(57,12)  6.64243e-05 -3.12576e-06
sel_devs_fsh(58,1)    0.0228839  3.92232e-05
sel_devs_fsh(58,2)    -0.362981 -5.33119e-05
sel_devs_fsh(58,3)   -0.0773495  9.41432e-05
sel_devs_fsh(58,4)      0.01962 -9.81833e-05
sel_devs_fsh(58,5)     0.590592 -9.40002e-05
sel_devs_fsh(58,6)     0.273944  8.92288e-06
sel_devs_fsh(58,7)    -0.302244 -1.64485e-05
sel_devs_fsh(58,8)    -0.179261  3.12298e-05
sel_devs_fsh(58,9)   -0.0266089 -2.76492e-05
sel_devs_fsh(58,10)    0.0279022  0.000123037
sel_devs_fsh(58,11)  -0.00705701 -1.06414e-05
sel_devs_fsh(58,12)    0.0205598  4.80454e-06
sel_devs_fsh(59,1)  4.14797e-06 -1.66457e-06
sel_devs_fsh(59,2)   0.00358034  2.99624e-06
sel_devs_fsh(59,3)   0.00543508 -7.00322e-06
sel_devs_fsh(59,4)     0.128575 -5.04284e-06
sel_devs_fsh(59,5)    -0.136001 -2.30571e-06
sel_devs_fsh(59,6)    -0.104154 -0.000113427
sel_devs_fsh(59,7)   0.00798598  4.23002e-05
sel_devs_fsh(59,8)   -0.0257572  1.14958e-05
sel_devs_fsh(59,9)   -0.0286067 -2.55357e-05
sel_devs_fsh(59,10)   0.00792421  4.15522e-05
sel_devs_fsh(59,11)    0.0344485  1.25884e-05
sel_devs_fsh(59,12)     0.106566  4.46797e-05
sel_devs_ats(1,2)     0.321088 -8.10227e-06
sel_devs_ats(1,3)     0.332012  2.19319e-06
sel_devs_ats(1,4)     0.305931 -1.39221e-05
sel_devs_ats(1,5)     0.298825 -1.22319e-06
sel_devs_ats(1,6)     0.315419  3.57586e-05
sel_devs_ats(1,7)     0.320648  9.22336e-07
sel_devs_ats(1,8)     0.316304  3.80739e-05
sel_devs_ats(2,2)     0.361779  5.75717e-06
sel_devs_ats(2,3)     0.361928  1.61779e-05
sel_devs_ats(2,4)     0.357105 -1.61824e-05
sel_devs_ats(2,5)     0.349646 -5.76245e-06
sel_devs_ats(2,6)      0.35254   2.5312e-05
sel_devs_ats(2,7)     0.358264 -8.49139e-06
sel_devs_ats(2,8)     0.361215  1.72558e-05
sel_devs_ats(3,2)     0.433433 -2.06708e-05
sel_devs_ats(3,3)     0.425941 -2.23597e-05
sel_devs_ats(3,4)     0.395665 -2.92717e-05
sel_devs_ats(3,5)     0.409203 -2.40644e-05
sel_devs_ats(3,6)     0.396798  1.30137e-05
sel_devs_ats(3,7)     0.401377 -3.42707e-05
sel_devs_ats(3,8)     0.392003   1.6517e-05
sel_devs_ats(4,2)     0.406098  8.34892e-06
sel_devs_ats(4,3)     0.488488 -1.27922e-05
sel_devs_ats(4,4)     0.479125 -5.52298e-06
sel_devs_ats(4,5)     0.441657 -7.28535e-06
sel_devs_ats(4,6)     0.448406  3.02483e-05
sel_devs_ats(4,7)     0.453156 -2.23044e-05
sel_devs_ats(4,8)      0.42725  2.12341e-05
sel_devs_ats(5,2)     0.436824  1.20408e-05
sel_devs_ats(5,3)      0.52316 -1.68151e-05
sel_devs_ats(5,4)     0.518214 -7.74493e-06
sel_devs_ats(5,5)      0.48325 -1.06022e-05
sel_devs_ats(5,6)     0.475634  4.04124e-05
sel_devs_ats(5,7)     0.490926 -3.16895e-05
sel_devs_ats(5,8)     0.464452  4.82508e-05
sel_devs_ats(6,2)     0.473952  1.02634e-05
sel_devs_ats(6,3)     0.497137 -3.75459e-06
sel_devs_ats(6,4)     0.553508 -1.79478e-05
sel_devs_ats(6,5)      0.51816 -2.17253e-06
sel_devs_ats(6,6)      0.52393  4.53399e-05
sel_devs_ats(6,7)     0.494895 -3.78079e-05
sel_devs_ats(6,8)     0.500192  4.61885e-05
sel_devs_ats(7,2)     0.544631 -1.89697e-05
sel_devs_ats(7,3)     0.539017 -4.54677e-06
sel_devs_ats(7,4)     0.522334 -3.67347e-05
sel_devs_ats(7,5)     0.550721  6.32275e-06
sel_devs_ats(7,6)     0.555671  3.59203e-05
sel_devs_ats(7,7)     0.537024 -3.57476e-05
sel_devs_ats(7,8)      0.52194   8.6366e-05
sel_devs_ats(8,2)     0.548628 -4.08685e-05
sel_devs_ats(8,3)     0.565112 -1.45446e-05
sel_devs_ats(8,4)     0.553515  -6.0864e-05
sel_devs_ats(8,5)     0.567177 -2.96839e-05
sel_devs_ats(8,6)     0.572812  3.70837e-06
sel_devs_ats(8,7)     0.559593  -6.3675e-05
sel_devs_ats(8,8)     0.543144 -7.30545e-06
sel_devs_ats(9,2)     0.514901  2.49514e-06
sel_devs_ats(9,3)     0.512915  5.96196e-05
sel_devs_ats(9,4)     0.584818  1.43323e-05
sel_devs_ats(9,5)     0.601148  1.74489e-05
sel_devs_ats(9,6)     0.585372  4.00376e-05
sel_devs_ats(9,7)     0.573295  -2.8467e-05
sel_devs_ats(9,8)      0.57061   8.6583e-05
sel_devs_ats(10,2)     0.511198  -3.9997e-05
sel_devs_ats(10,3)     0.526907 -2.05713e-06
sel_devs_ats(10,4)     0.612813 -2.38095e-05
sel_devs_ats(10,5)     0.613558 -1.85514e-05
sel_devs_ats(10,6)     0.596038  2.53081e-05
sel_devs_ats(10,7)     0.588384 -4.20877e-05
sel_devs_ats(10,8)     0.584724  2.28905e-05
sel_devs_ats(11,2)     0.614218  3.16657e-06
sel_devs_ats(11,3)     0.579967  4.27652e-05
sel_devs_ats(11,4)      0.51894  2.73519e-05
sel_devs_ats(11,5)     0.550707  2.98352e-06
sel_devs_ats(11,6)     0.581534  3.12619e-05
sel_devs_ats(11,7)     0.590365 -2.27621e-05
sel_devs_ats(11,8)     0.594373  6.36895e-05
sel_devs_ats(12,2)     0.594905 -6.68833e-05
sel_devs_ats(12,3)     0.572225 -1.68467e-05
sel_devs_ats(12,4)     0.529628 -2.49377e-05
sel_devs_ats(12,5)     0.547771 -2.80672e-05
sel_devs_ats(12,6)     0.575446 -3.27067e-07
sel_devs_ats(12,7)       0.5877 -5.77854e-05
sel_devs_ats(12,8)     0.591116  1.77639e-05
sel_devs_ats(13,2)     0.605319 -2.42505e-05
sel_devs_ats(13,3)     0.590662  2.39176e-05
sel_devs_ats(13,4)     0.559683  1.18972e-07
sel_devs_ats(13,5)     0.571623  5.58805e-06
sel_devs_ats(13,6)      0.58132  2.43689e-05
sel_devs_ats(13,7)     0.571195 -1.94554e-05
sel_devs_ats(13,8)     0.577045  1.93969e-05
sel_devs_ats(14,2)      0.62114 -4.32288e-05
sel_devs_ats(14,3)     0.591246  6.33131e-06
sel_devs_ats(14,4)     0.542078 -3.08843e-06
sel_devs_ats(14,5)     0.533128 -1.01847e-05
sel_devs_ats(14,6)     0.543745  5.46503e-06
sel_devs_ats(14,7)     0.559228 -3.61535e-05
sel_devs_ats(14,8)     0.575699  5.46583e-05
sel_devs_ats(15,2)     0.582278 -7.49853e-06
sel_devs_ats(15,3)     0.576704  3.27887e-05
sel_devs_ats(15,4)     0.546905  2.62474e-05
sel_devs_ats(15,5)     0.544485  5.66668e-06
sel_devs_ats(15,6)     0.554141   5.2931e-05
sel_devs_ats(15,7)     0.564452  6.15205e-06
sel_devs_ats(15,8)     0.565914  4.38054e-05
sel_devs_ats(16,2)     0.587411 -4.16303e-05
sel_devs_ats(16,3)     0.547284 -3.62764e-06
sel_devs_ats(16,4)     0.565509 -9.48144e-06
sel_devs_ats(16,5)     0.535755 -3.81932e-05
sel_devs_ats(16,6)     0.539565  1.44866e-05
sel_devs_ats(16,7)     0.547278 -3.95739e-05
sel_devs_ats(16,8)      0.53814  2.37692e-05
sel_devs_ats(17,2)     0.564783 -2.62602e-05
sel_devs_ats(17,3)      0.53983 -1.02471e-05
sel_devs_ats(17,4)     0.511439 -1.10305e-05
sel_devs_ats(17,5)     0.520796 -3.91063e-05
sel_devs_ats(17,6)     0.529756  2.36424e-05
sel_devs_ats(17,7)     0.536039 -2.99339e-05
sel_devs_ats(17,8)     0.523419  7.56224e-05
sel_devs_ats(18,2)     0.562991 -2.22014e-05
sel_devs_ats(18,3)     0.526653 -1.74197e-05
sel_devs_ats(18,4)     0.498567 -2.26894e-05
sel_devs_ats(18,5)     0.509164 -3.61508e-05
sel_devs_ats(18,6)     0.520643  1.91224e-05
sel_devs_ats(18,7)     0.527517 -3.67959e-05
sel_devs_ats(18,8)     0.511048  1.37021e-05
sel_devs_ats(19,2)     0.530128  9.38737e-06
sel_devs_ats(19,3)     0.542315  2.29552e-05
sel_devs_ats(19,4)     0.568381  1.44505e-05
sel_devs_ats(19,5)     0.553595  4.00263e-06
sel_devs_ats(19,6)     0.548398  6.18031e-05
sel_devs_ats(19,7)     0.532537  -7.6368e-06
sel_devs_ats(19,8)     0.495961  5.95116e-05
sel_devs_ats(20,2)     0.551499 -1.37637e-05
sel_devs_ats(20,3)     0.536558  1.37567e-05
sel_devs_ats(20,4)     0.573592 -1.45573e-05
sel_devs_ats(20,5)     0.556824 -5.86229e-07
sel_devs_ats(20,6)     0.556199  3.07045e-05
sel_devs_ats(20,7)     0.547545  -1.2774e-05
sel_devs_ats(20,8)     0.499866  4.38011e-05
sel_devs_ats(21,2)     0.460374 -2.39151e-05
sel_devs_ats(21,3)      0.58511 -1.59527e-05
sel_devs_ats(21,4)     0.608535 -3.56845e-05
sel_devs_ats(21,5)     0.583875 -3.38267e-05
sel_devs_ats(21,6)     0.556852 -1.34373e-05
sel_devs_ats(21,7)     0.553786 -2.54014e-05
sel_devs_ats(21,8)     0.537157 -5.05375e-05
sel_devs_ats(22,2)     0.459762  1.10599e-05
sel_devs_ats(22,3)     0.552739  2.73857e-05
sel_devs_ats(22,4)     0.632307 -6.38992e-06
sel_devs_ats(22,5)     0.583155    7.461e-08
sel_devs_ats(22,6)     0.558924  1.76666e-05
sel_devs_ats(22,7)     0.548287  9.16997e-06
sel_devs_ats(22,8)     0.581449  1.04482e-05
sel_devs_ats(23,2)     0.579362   2.7213e-06
sel_devs_ats(23,3)     0.530298  3.08369e-05
sel_devs_ats(23,4)     0.481313 -2.17593e-06
sel_devs_ats(23,5)     0.572595  -4.9964e-06
sel_devs_ats(23,6)     0.590081 -1.92985e-07
sel_devs_ats(23,7)     0.584684 -7.35202e-06
sel_devs_ats(23,8)     0.610718 -2.19992e-06
sel_devs_ats(24,2)     0.584098   1.1421e-05
sel_devs_ats(24,3)     0.553818  2.63635e-05
sel_devs_ats(24,4)     0.530148  1.97289e-05
sel_devs_ats(24,5)     0.602666  1.61377e-05
sel_devs_ats(24,6)      0.60852  1.86969e-05
sel_devs_ats(24,7)     0.608323   2.2683e-05
sel_devs_ats(24,8)     0.622883 -7.35942e-06
sel_devs_ats(25,2)     0.606619 -1.68982e-05
sel_devs_ats(25,3)     0.619755 -3.20816e-05
sel_devs_ats(25,4)     0.656197 -1.65435e-05
sel_devs_ats(25,5)     0.635363 -3.10916e-05
sel_devs_ats(25,6)     0.630971 -6.84897e-06
sel_devs_ats(25,7)     0.620848 -6.85085e-06
sel_devs_ats(25,8)     0.624684 -2.45149e-05
sel_devs_ats(26,2)     0.619214   5.4015e-06
sel_devs_ats(26,3)     0.642182 -4.10099e-06
sel_devs_ats(26,4)      0.67843  2.47113e-05
sel_devs_ats(26,5)     0.654496 -9.20427e-06
sel_devs_ats(26,6)     0.642748 -5.04447e-06
sel_devs_ats(26,7)     0.643556 -1.08398e-05
sel_devs_ats(26,8)     0.650162  6.39145e-06
sel_devs_ats(27,2)     0.635706  2.09485e-05
sel_devs_ats(27,3)     0.654398 -5.84083e-06
sel_devs_ats(27,4)     0.701043  8.09451e-07
sel_devs_ats(27,5)     0.673183 -2.18572e-05
sel_devs_ats(27,6)     0.663424 -4.39704e-06
sel_devs_ats(27,7)     0.666147  2.89609e-06
sel_devs_ats(27,8)     0.670427 -5.93015e-06
sel_devs_ats(28,2)     0.636708   9.8196e-06
sel_devs_ats(28,3)     0.650301  9.41879e-06
sel_devs_ats(28,4)     0.732204   3.1194e-05
sel_devs_ats(28,5)       0.6837  1.93474e-05
sel_devs_ats(28,6)     0.679161  2.07241e-05
sel_devs_ats(28,7)     0.683328  2.33269e-05
sel_devs_ats(28,8)     0.687182 -2.32617e-05
sel_devs_ats(29,2)     0.695517 -5.59947e-06
sel_devs_ats(29,3)     0.684169 -1.94042e-05
sel_devs_ats(29,4)     0.610673  3.65392e-06
sel_devs_ats(29,5)     0.675975 -1.07065e-05
sel_devs_ats(29,6)     0.698288    3.066e-06
sel_devs_ats(29,7)     0.704118  3.26949e-06
sel_devs_ats(29,8)     0.701608   1.9538e-05
sel_devs_ats(30,2)     0.683794 -1.77011e-06
sel_devs_ats(30,3)     0.680606 -1.62534e-05
sel_devs_ats(30,4)      0.63239  1.25008e-05
sel_devs_ats(30,5)     0.678345 -6.07911e-06
sel_devs_ats(30,6)     0.702576 -1.17403e-05
sel_devs_ats(30,7)     0.710861 -1.58771e-06
sel_devs_ats(30,8)     0.704052 -1.94012e-05
sel_coffs_fsh(1)     -4.10651  2.25449e-06
sel_coffs_fsh(2)     -2.16517 -4.44575e-06
sel_coffs_fsh(3)    -0.883455 -4.32766e-07
sel_coffs_fsh(4)      0.35856  8.29205e-06
sel_coffs_fsh(5)     0.338948  5.21787e-06
sel_coffs_fsh(6)     0.309982 -3.90983e-05
sel_coffs_fsh(7)     0.269755  2.52343e-05
sel_coffs_fsh(8)      0.22952  1.43125e-05
sel_coffs_fsh(9)      0.19454  1.64268e-05
sel_coffs_fsh(10)     0.166952 -4.21971e-05
sel_coffs_fsh(11)     0.145197  4.58514e-05
sel_coffs_fsh(12)     0.128357 -3.17441e-05
sel_coffs_ats(2)    -0.156113  -4.4184e-07
sel_coffs_ats(3)     -0.15869  -4.8166e-07
sel_coffs_ats(4)    0.0210115 -2.54424e-06
sel_coffs_ats(5)     0.145136 -1.30254e-06
sel_coffs_ats(6)     0.186156   3.0043e-06
sel_coffs_ats(7)     0.284342 -2.15601e-06
sel_coffs_ats(8)      0.41713   4.6075e-07
sel_slp_bts     0.988605  3.91509e-05
sel_a50_bts      6.23639  2.52198e-05
sel_age_one_bts     -3.19423  2.00685e-05
sel_slp_bts_dev(1982)    -0.705027  1.62179e-05
sel_slp_bts_dev(1983)    0.0467923  3.82092e-05
sel_slp_bts_dev(1984)   0.00881557  5.66618e-05
sel_slp_bts_dev(1985)    -0.400762   2.6743e-05
sel_slp_bts_dev(1986)    -0.342811  1.03211e-05
sel_slp_bts_dev(1987)     -0.44218  2.27796e-06
sel_slp_bts_dev(1988)    -0.545414 -5.37937e-05
sel_slp_bts_dev(1989)    -0.436878  -4.6685e-05
sel_slp_bts_dev(1990)     0.327861  2.89874e-05
sel_slp_bts_dev(1991)     0.222202  4.62379e-08
sel_slp_bts_dev(1992)      0.17168 -2.66371e-05
sel_slp_bts_dev(1993)     0.312629  -2.4675e-05
sel_slp_bts_dev(1994)     0.280555   3.7538e-06
sel_slp_bts_dev(1995)      0.23357 -6.01095e-07
sel_slp_bts_dev(1996)     -0.13676 -5.61975e-06
sel_slp_bts_dev(1997)    -0.288608  6.39082e-07
sel_slp_bts_dev(1998)     -0.51003   6.2972e-06
sel_slp_bts_dev(1999)    -0.604429  7.77446e-06
sel_slp_bts_dev(2000)    -0.338251 -3.53104e-05
sel_slp_bts_dev(2001)     -0.47998  4.18486e-05
sel_slp_bts_dev(2002)   -0.0630452 -4.52127e-05
sel_slp_bts_dev(2003)     0.173485 -3.59649e-05
sel_slp_bts_dev(2004)    0.0815677  3.11275e-05
sel_slp_bts_dev(2005)     0.208488    1.948e-05
sel_slp_bts_dev(2006)   -0.0823278 -0.000107322
sel_slp_bts_dev(2007)     0.337239  2.66689e-05
sel_slp_bts_dev(2008)     0.542489  4.84253e-06
sel_slp_bts_dev(2009)     0.239138  1.12401e-06
sel_slp_bts_dev(2010)     0.752679   1.5908e-05
sel_slp_bts_dev(2011)     0.550101  1.63095e-05
sel_slp_bts_dev(2012)     0.205374   2.3622e-05
sel_slp_bts_dev(2013)     0.298327 -3.51983e-05
sel_slp_bts_dev(2014)     0.529907  7.21434e-06
sel_slp_bts_dev(2015)     0.433462   2.6868e-06
sel_slp_bts_dev(2016)     0.428965  2.12179e-05
sel_slp_bts_dev(2017)      0.25311  5.84309e-06
sel_slp_bts_dev(2018)    -0.337387 -1.46106e-05
sel_slp_bts_dev(2019)   0.00442006 -8.53951e-06
sel_slp_bts_dev(2020)    -0.118212 -4.83864e-05
sel_slp_bts_dev(2021)    -0.207349 -3.41472e-05
sel_slp_bts_dev(2022)   -0.0373808 -2.04337e-05
sel_slp_bts_dev(2023)    -0.338568 -2.40873e-05
sel_slp_bts_dev(2024)    -0.227457  3.94996e-05
sel_a50_bts_dev(1982)  -0.00956588  1.95934e-06
sel_a50_bts_dev(1983)    -0.157331 -8.91091e-05
sel_a50_bts_dev(1984)   -0.0347058  4.04807e-05
sel_a50_bts_dev(1985)    0.0770158 -7.09905e-05
sel_a50_bts_dev(1986)     0.100213 -3.50397e-05
sel_a50_bts_dev(1987)    0.0623767   8.1877e-06
sel_a50_bts_dev(1988)   -0.0516156   2.7057e-05
sel_a50_bts_dev(1989)   -0.0982657  1.07732e-05
sel_a50_bts_dev(1990)    -0.208785 -4.87815e-05
sel_a50_bts_dev(1991)    -0.130182  3.87213e-05
sel_a50_bts_dev(1992)    -0.133047  8.00544e-05
sel_a50_bts_dev(1993)    -0.168694  6.12051e-05
sel_a50_bts_dev(1994)   -0.0883553  6.60837e-05
sel_a50_bts_dev(1995)   0.00333463  2.24626e-05
sel_a50_bts_dev(1996)     0.186063 -8.17327e-05
sel_a50_bts_dev(1997)     0.222904  1.09928e-05
sel_a50_bts_dev(1998)     0.313153  3.84577e-05
sel_a50_bts_dev(1999)      0.27704  -8.4588e-06
sel_a50_bts_dev(2000)     0.143166 -1.63496e-05
sel_a50_bts_dev(2001)      0.17809  0.000123192
sel_a50_bts_dev(2002)    0.0549416 -7.21849e-05
sel_a50_bts_dev(2003)   0.00653587 -0.000114329
sel_a50_bts_dev(2004)    0.0396847  0.000104694
sel_a50_bts_dev(2005)   -0.0185754  5.24567e-05
sel_a50_bts_dev(2006)    0.0894111 -0.000143306
sel_a50_bts_dev(2007)   -0.0850951  3.18017e-05
sel_a50_bts_dev(2008)     -0.11932  1.91614e-05
sel_a50_bts_dev(2009)   -0.0296941 -1.45377e-05
sel_a50_bts_dev(2010)    -0.211187  2.26577e-05
sel_a50_bts_dev(2011)   -0.0939343   2.3781e-05
sel_a50_bts_dev(2012)   -0.0496602  0.000143896
sel_a50_bts_dev(2013)   -0.0776474 -1.58561e-05
sel_a50_bts_dev(2014)    -0.161492 -8.03861e-05
sel_a50_bts_dev(2015)    -0.207995  3.90552e-05
sel_a50_bts_dev(2016)    -0.148298 -4.50949e-06
sel_a50_bts_dev(2017)   -0.0707331 -1.60765e-05
sel_a50_bts_dev(2018)      0.15306 -2.13269e-05
sel_a50_bts_dev(2019)   -0.0204461  4.94756e-05
sel_a50_bts_dev(2020)    0.0585141  3.44694e-06
sel_a50_bts_dev(2021)     0.129944  6.67927e-06
sel_a50_bts_dev(2022)    0.0450362  8.59668e-06
sel_a50_bts_dev(2023)     0.196519 -0.000122431
sel_a50_bts_dev(2024)     0.037623 -1.38196e-05
sel_age_one_bts_dev(1982)   -0.0344184 -1.93236e-05
sel_age_one_bts_dev(1983)   0.00515321  3.23169e-05
sel_age_one_bts_dev(1984)    0.0390263  4.86631e-06
sel_age_one_bts_dev(1985)    -0.215873 -2.46578e-06
sel_age_one_bts_dev(1986)    -0.400272  1.12145e-05
sel_age_one_bts_dev(1987)    -0.235778    1.688e-05
sel_age_one_bts_dev(1988)      -0.2897  9.20863e-06
sel_age_one_bts_dev(1989)   -0.0531053  1.98754e-05
sel_age_one_bts_dev(1990)    0.0931302 -6.84641e-06
sel_age_one_bts_dev(1991)    -0.168017 -2.12169e-05
sel_age_one_bts_dev(1992)   -0.0309173  8.64481e-06
sel_age_one_bts_dev(1993)    0.0244199 -3.92851e-06
sel_age_one_bts_dev(1994)   -0.0953286 -6.99711e-06
sel_age_one_bts_dev(1995)    -0.119706 -2.24779e-05
sel_age_one_bts_dev(1996)    -0.107008  6.92676e-06
sel_age_one_bts_dev(1997)  -0.00840276  9.14964e-06
sel_age_one_bts_dev(1998)    0.0492417 -2.18162e-05
sel_age_one_bts_dev(1999)     0.100743  1.16999e-05
sel_age_one_bts_dev(2000)     0.182081 -2.07175e-05
sel_age_one_bts_dev(2001)    0.0656373  1.13235e-06
sel_age_one_bts_dev(2002)    0.0658271 -7.24018e-06
sel_age_one_bts_dev(2003)     0.219458  1.71134e-06
sel_age_one_bts_dev(2004)    0.0429988  5.49058e-06
sel_age_one_bts_dev(2005)   -0.0319903 -1.87081e-05
sel_age_one_bts_dev(2006)    -0.038081  6.29769e-06
sel_age_one_bts_dev(2007)   -0.0616516  3.85641e-05
sel_age_one_bts_dev(2008)     0.161142 -5.13926e-06
sel_age_one_bts_dev(2009)     0.338126 -1.58443e-05
sel_age_one_bts_dev(2010)     0.303998   2.4168e-05
sel_age_one_bts_dev(2011)   -0.0991803 -1.83631e-06
sel_age_one_bts_dev(2012)   -0.0848272  9.62872e-06
sel_age_one_bts_dev(2013)     0.178424 -4.79926e-05
sel_age_one_bts_dev(2014)     0.137985  2.70147e-05
sel_age_one_bts_dev(2015)    0.0316012 -3.19414e-05
sel_age_one_bts_dev(2016)    -0.072244  7.76014e-06
sel_age_one_bts_dev(2017)   -0.0833901  2.14227e-05
sel_age_one_bts_dev(2018)   -0.0437167 -2.98192e-05
sel_age_one_bts_dev(2019)     0.232146 -2.85418e-05
sel_age_one_bts_dev(2020)    0.0899325 -1.93612e-05
sel_age_one_bts_dev(2021)   -0.0522806 -5.07487e-05
sel_age_one_bts_dev(2022)    0.0157371  1.05986e-05
sel_age_one_bts_dev(2023)   -0.0220581  1.07782e-05
sel_age_one_bts_dev(2024)   -0.0288613  4.98106e-05
rec_dev_future(2025)            0            0
rec_dev_future(2026)            0            0
rec_dev_future(2027)            0            0
rec_dev_future(2028)            0            0
rec_dev_future(2029)            0            0
