 525 -3.32404 -3.32404
 2 3.03751 -3.03751
 1 -2.58875 -2.58875
 592 1.76099 -1.76099
 254 -1.50574 -1.50574
 220 -1.4378 -1.4378
 154 -1.34704 -1.34704
 188 -1.34068 -1.34068
 581 1.31122 -1.31122
 152 -1.2947 -1.2947
 25 1.26821 -1.26821
 186 -1.24959 -1.24959
 83 -1.14919 -1.14919
 57 1.1134 -1.1134
 590 1.063 -1.063
 158 -0.959409 -0.959409
 192 -0.948901 -0.948901
 226 -0.936367 -0.936367
 181 -0.911692 -0.911692
 23 0.892333 -0.892333
 28 0.849105 -0.849105
 215 -0.842765 -0.842765
 146 0.705996 -0.705996
 84 -0.661781 -0.661781
 798 -0.639705 -0.639705
 608 0.634448 -0.634448
 615 -0.633441 -0.633441
 260 -0.631015 -0.631015
 31 -0.625001 -0.625001
 222 -0.624263 -0.624263
 180 0.611418 -0.611418
 205 0.571132 -0.571132
 91 -0.564303 -0.564303
 256 -0.560872 -0.560872
 26 0.548924 -0.548924
 171 0.545321 -0.545321
 74 0.515356 -0.515356
 51 0.479847 -0.479847
 596 -0.479233 -0.479233
 262 0.474684 -0.474684
 42 0.469482 -0.469482
 249 -0.465097 -0.465097
 547 0.448269 -0.448269
 594 0.447829 -0.447829
 746 0.431238 -0.431238
 178 0.425954 -0.425954
 182 0.417272 -0.417272
 228 0.417168 -0.417168
 45 0.404346 -0.404346
 212 0.404276 -0.404276
 893 0.394133 -0.394133
 148 0.391843 -0.391843
 609 -0.387476 -0.387476
 526 -0.385764 -0.385764
 713 0.38441 -0.38441
 598 0.375259 -0.375259
 52 0.375216 -0.375216
 72 -0.36438 -0.36438
 246 0.353909 -0.353909
 552 0.353584 -0.353584
 650 -0.350989 -0.350989
 239 0.347974 -0.347974
 48 0.344241 -0.344241
 86 0.341349 -0.341349
 800 -0.340041 -0.340041
 891 -0.323267 -0.323267
 773 0.322673 -0.322673
 244 -0.299658 -0.299658
 214 0.297376 -0.297376
 224 -0.291806 -0.291806
 172 0.291521 -0.291521
 996 -0.284032 -0.284032
 717 -0.282034 -0.282034
 777 -0.279463 -0.279463
 89 0.278376 -0.278376
 707 0.274874 -0.274874
 672 0.266329 -0.266329
 253 -0.266073 -0.266073
 575 0.263105 -0.263105
 610 -0.263001 -0.263001
 768 -0.255114 -0.255114
 90 0.253542 -0.253542
 607 0.251134 -0.251134
 255 0.248268 -0.248268
 66 0.246432 -0.246432
 604 0.241892 -0.241892
 587 0.241885 -0.241885
 238 0.241867 -0.241867
 210 -0.241558 -0.241558
 668 0.239268 -0.239268
 53 0.238784 -0.238784
 257 0.237668 -0.237668
 591 0.237519 -0.237519
 576 -0.226961 -0.226961
 682 0.226779 -0.226779
 258 -0.22417 -0.22417
 705 0.222365 -0.222365
 46 0.221437 -0.221437
 22 0.218735 -0.218735
 606 0.216647 -0.216647
 82 -0.215943 -0.215943
 119 -0.21343 -0.21343
 27 0.209905 -0.209905
 203 -0.209883 -0.209883
 796 -0.20702 -0.20702
 79 -0.206134 -0.206134
 803 -0.202861 -0.202861
 117 -0.201608 -0.201608
 78 0.201352 -0.201352
 669 -0.199932 -0.199932
 718 -0.199345 -0.199345
 237 -0.197961 -0.197961
 161 -0.194508 -0.194508
 760 0.193741 -0.193741
 38 0.188057 -0.188057
 261 0.186525 -0.186525
 21 0.18619 -0.18619
 88 0.184754 -0.184754
 87 0.18448 -0.18448
 68 -0.182249 -0.182249
 711 0.180234 -0.180234
 880 0.177182 -0.177182
 806 -0.176624 -0.176624
 961 0.174655 -0.174655
 585 0.173025 -0.173025
 204 0.171132 -0.171132
 201 -0.170664 -0.170664
 137 0.169736 -0.169736
 151 -0.168847 -0.168847
 1031 0.168567 -0.168567
 61 0.166337 -0.166337
 160 -0.161937 -0.161937
 20 0.159138 -0.159138
 737 0.158179 -0.158179
 16 0.155589 -0.155589
 781 0.154811 -0.154811
 588 0.154711 -0.154711
 169 -0.153311 -0.153311
 241 -0.153058 -0.153058
 677 -0.152614 -0.152614
 667 0.151463 -0.151463
 177 0.150607 -0.150607
 141 0.150204 -0.150204
 64 0.149414 -0.149414
 744 0.148254 -0.148254
 738 -0.147724 -0.147724
 75 -0.147387 -0.147387
 754 -0.147382 -0.147382
 926 -0.145643 -0.145643
 766 -0.143751 -0.143751
 951 -0.143629 -0.143629
 143 0.14342 -0.14342
 67 0.143116 -0.143116
 659 -0.142268 -0.142268
 704 0.141905 -0.141905
 683 0.141681 -0.141681
 802 -0.141405 -0.141405
 618 -0.141213 -0.141213
 549 0.141024 -0.141024
 123 -0.140877 -0.140877
 674 0.140717 -0.140717
 176 -0.140505 -0.140505
 217 -0.140032 -0.140032
 619 -0.139445 -0.139445
 983 -0.139145 -0.139145
 733 -0.139109 -0.139109
 19 0.137746 -0.137746
 648 -0.13627 -0.13627
 17 0.135672 -0.135672
 132 -0.134859 -0.134859
 135 -0.134651 -0.134651
 559 0.132306 -0.132306
 749 -0.131382 -0.131382
 752 -0.131311 -0.131311
 599 -0.130716 -0.130716
 49 0.130259 -0.130259
 183 -0.130191 -0.130191
 593 0.130121 -0.130121
 636 -0.128684 -0.128684
 175 0.128487 -0.128487
 794 -0.125783 -0.125783
 149 0.125149 -0.125149
 652 0.124789 -0.124789
 810 0.124609 -0.124609
 655 -0.124592 -0.124592
 196 -0.124194 -0.124194
 191 -0.123132 -0.123132
 189 -0.122983 -0.122983
 33 -0.120938 -0.120938
 194 0.120175 -0.120175
 251 0.119975 -0.119975
 195 -0.119925 -0.119925
 229 -0.119468 -0.119468
 644 -0.1193 -0.1193
 85 -0.118062 -0.118062
 136 0.1175 -0.1175
 776 0.117044 -0.117044
 719 -0.116213 -0.116213
 809 -0.116177 -0.116177
 142 -0.115017 -0.115017
 536 0.11408 -0.11408
 1009 0.113964 -0.113964
 771 -0.11266 -0.11266
 727 0.111591 -0.111591
 193 0.11093 -0.11093
 580 0.110339 -0.110339
 548 -0.109755 -0.109755
 35 -0.10948 -0.10948
 736 0.107913 -0.107913
 602 -0.107188 -0.107188
 3 0.106816 -0.106816
 232 -0.10679 -0.10679
 24 0.106443 -0.106443
 688 -0.105963 -0.105963
 748 -0.104846 -0.104846
 95 0.10483 -0.10483
 720 0.104563 -0.104563
 750 0.103662 -0.103662
 245 0.103258 -0.103258
 163 -0.103072 -0.103072
 761 -0.102352 -0.102352
 10 0.102226 -0.102226
 881 0.099867 -0.099867
 551 -0.0993595 -0.0993595
 168 -0.0988538 -0.0988538
 716 -0.0986032 -0.0986032
 534 0.098516 -0.098516
 662 -0.0978294 -0.0978294
 762 -0.0977405 -0.0977405
 133 0.0977079 -0.0977079
 692 -0.0971098 -0.0971098
 739 -0.0970062 -0.0970062
 621 0.0965863 -0.0965863
 553 -0.0957998 -0.0957998
 80 0.0949081 -0.0949081
 139 0.0941635 -0.0941635
 657 -0.0940904 -0.0940904
 931 0.0928629 -0.0928629
 126 0.0923739 -0.0923739
 560 -0.091338 -0.091338
 15 0.0911019 -0.0911019
 757 0.0909214 -0.0909214
 639 0.09067 -0.09067
 790 -0.090637 -0.090637
 883 -0.0899999 -0.0899999
 666 -0.0899211 -0.0899211
 763 -0.0896442 -0.0896442
 624 -0.0888967 -0.0888967
 963 0.0875359 -0.0875359
 822 0.0870269 -0.0870269
 783 0.0868254 -0.0868254
 218 0.0863899 -0.0863899
 122 0.085875 -0.085875
 775 -0.0855314 -0.0855314
 128 -0.0849076 -0.0849076
 570 0.0835243 -0.0835243
 740 -0.083168 -0.083168
 227 0.0823598 -0.0823598
 54 0.0804238 -0.0804238
 577 0.0801745 -0.0801745
 715 0.079629 -0.079629
 206 0.0796063 -0.0796063
 726 0.0793956 -0.0793956
 696 -0.0791649 -0.0791649
 686 -0.078663 -0.078663
 65 0.0784871 -0.0784871
 564 0.0784115 -0.0784115
 767 -0.0779668 -0.0779668
 69 0.0774996 -0.0774996
 908 0.0769543 -0.0769543
 799 -0.0763629 -0.0763629
 544 0.0762556 -0.0762556
 687 -0.0759781 -0.0759781
 556 -0.0757624 -0.0757624
 729 -0.0750431 -0.0750431
 801 0.0740305 -0.0740305
 170 0.0739924 -0.0739924
 709 -0.0739851 -0.0739851
 164 0.0713417 -0.0713417
 113 -0.0712032 -0.0712032
 527 -0.0711036 -0.0711036
 640 -0.0709539 -0.0709539
 939 0.070359 -0.070359
 235 -0.0699937 -0.0699937
 582 -0.0698806 -0.0698806
 714 0.0692034 -0.0692034
 55 0.0688466 -0.0688466
 784 -0.0684262 -0.0684262
 808 0.0680337 -0.0680337
 637 -0.067839 -0.067839
 710 -0.0677271 -0.0677271
 770 -0.0668796 -0.0668796
 671 0.0662778 -0.0662778
 678 0.0662186 -0.0662186
 614 -0.0661541 -0.0661541
 1018 -0.0657254 -0.0657254
 566 0.0655353 -0.0655353
 622 -0.0648249 -0.0648249
 225 -0.0646911 -0.0646911
 12 0.0638286 -0.0638286
 538 0.0632767 -0.0632767
 124 0.0629835 -0.0629835
 625 -0.0628523 -0.0628523
 185 -0.0628265 -0.0628265
 134 0.061181 -0.061181
 70 0.0611137 -0.0611137
 807 0.0610609 -0.0610609
 742 0.0607952 -0.0607952
 179 -0.0603041 -0.0603041
 532 0.0601887 -0.0601887
 661 0.0597393 -0.0597393
 701 -0.0593849 -0.0593849
 571 0.0588767 -0.0588767
 813 0.0587939 -0.0587939
 735 0.0587773 -0.0587773
 732 -0.0584784 -0.0584784
 157 -0.0577156 -0.0577156
 651 -0.0576096 -0.0576096
 234 0.0575148 -0.0575148
 567 -0.0570787 -0.0570787
 39 0.0569958 -0.0569958
 60 0.0568808 -0.0568808
 150 0.0565396 -0.0565396
 115 -0.0563356 -0.0563356
 676 0.0560699 -0.0560699
 236 -0.0559058 -0.0559058
 71 -0.0558807 -0.0558807
 252 0.0558748 -0.0558748
 250 -0.0558301 -0.0558301
 601 -0.0557341 -0.0557341
 569 -0.0556064 -0.0556064
 4 0.0553781 -0.0553781
 165 0.0551741 -0.0551741
 545 -0.0549627 -0.0549627
 1044 0.0549538 -0.0549538
 679 -0.0545225 -0.0545225
 573 -0.0545176 -0.0545176
 56 0.0544297 -0.0544297
 131 0.0541527 -0.0541527
 734 0.0538899 -0.0538899
 829 0.0532306 -0.0532306
 665 0.0531539 -0.0531539
 230 -0.0531223 -0.0531223
 213 -0.0531186 -0.0531186
 29 0.0522109 -0.0522109
 702 -0.052184 -0.052184
 18 -0.0520522 -0.0520522
 751 0.0520215 -0.0520215
 583 0.0519535 -0.0519535
 797 0.0516719 -0.0516719
 200 -0.0511831 -0.0511831
 114 0.0508943 -0.0508943
 173 0.0504978 -0.0504978
 673 -0.0503868 -0.0503868
 199 0.050331 -0.050331
 755 0.0501442 -0.0501442
 792 -0.0498741 -0.0498741
 207 -0.0496163 -0.0496163
 81 0.049545 -0.049545
 221 0.0495267 -0.0495267
 528 0.0492371 -0.0492371
 558 0.0490262 -0.0490262
 156 -0.0485348 -0.0485348
 791 -0.0483821 -0.0483821
 155 0.0481585 -0.0481585
 184 -0.0478574 -0.0478574
 833 -0.0478213 -0.0478213
 778 -0.0476315 -0.0476315
 658 0.0475116 -0.0475116
 866 -0.0472049 -0.0472049
 1036 -0.0468707 -0.0468707
 670 -0.0467734 -0.0467734
 966 -0.0464068 -0.0464068
 104 -0.0459493 -0.0459493
 147 -0.0457451 -0.0457451
 13 0.0456454 -0.0456454
 685 0.0455107 -0.0455107
 712 0.0450625 -0.0450625
 144 0.0449988 -0.0449988
 111 0.0446485 -0.0446485
 597 0.0446416 -0.0446416
 63 0.0444779 -0.0444779
 557 0.0443036 -0.0443036
 30 -0.0439497 -0.0439497
 826 -0.0437346 -0.0437346
 208 0.0436325 -0.0436325
 36 -0.0432269 -0.0432269
 110 0.0428908 -0.0428908
 603 0.041977 -0.041977
 561 -0.0417145 -0.0417145
 100 0.0413141 -0.0413141
 6 0.0407994 -0.0407994
 886 0.0407923 -0.0407923
 759 -0.0405845 -0.0405845
 653 -0.0404687 -0.0404687
 635 0.0404681 -0.0404681
 859 -0.0400937 -0.0400937
 546 -0.039951 -0.039951
 730 -0.0390862 -0.0390862
 643 0.0389743 -0.0389743
 96 0.0389563 -0.0389563
 5 0.0388671 -0.0388671
 43 0.038356 -0.038356
 649 0.0381978 -0.0381978
 805 0.0381878 -0.0381878
 568 0.0379883 -0.0379883
 563 0.0379188 -0.0379188
 259 -0.0379031 -0.0379031
 616 -0.0372827 -0.0372827
 948 0.0371534 -0.0371534
 901 -0.0369233 -0.0369233
 896 -0.0366607 -0.0366607
 708 -0.0365834 -0.0365834
 728 -0.036501 -0.036501
 120 0.0363836 -0.0363836
 233 0.0361975 -0.0361975
 1033 0.0361665 -0.0361665
 565 -0.0361133 -0.0361133
 630 -0.0360277 -0.0360277
 745 0.0355706 -0.0355706
 153 -0.0355279 -0.0355279
 772 0.0349779 -0.0349779
 8 0.0349248 -0.0349248
 898 0.0347791 -0.0347791
 998 -0.0345836 -0.0345836
 600 0.0344887 -0.0344887
 818 0.0344439 -0.0344439
 986 0.0341403 -0.0341403
 106 -0.033966 -0.033966
 928 0.0328325 -0.0328325
 129 -0.0328285 -0.0328285
 1001 0.0327078 -0.0327078
 765 0.0325652 -0.0325652
 107 0.0324995 -0.0324995
 764 -0.0323915 -0.0323915
 924 0.0319008 -0.0319008
 37 -0.0316285 -0.0316285
 902 0.0316019 -0.0316019
 820 -0.0315366 -0.0315366
 889 -0.0313168 -0.0313168
 627 0.0310576 -0.0310576
 167 -0.0309484 -0.0309484
 825 -0.0309304 -0.0309304
 1012 -0.0308788 -0.0308788
 58 -0.0307781 -0.0307781
 102 0.0303085 -0.0303085
 793 0.0299904 -0.0299904
 539 -0.0298537 -0.0298537
 243 -0.0297358 -0.0297358
 641 0.0292895 -0.0292895
 815 0.0292418 -0.0292418
 830 -0.0289704 -0.0289704
 912 0.0284267 -0.0284267
 656 0.0280032 -0.0280032
 543 -0.0278688 -0.0278688
 913 0.0274801 -0.0274801
 541 0.0271578 -0.0271578
 694 -0.0270287 -0.0270287
 223 -0.0261063 -0.0261063
 578 -0.0259981 -0.0259981
 910 0.0256924 -0.0256924
 721 0.0255982 -0.0255982
 116 0.0253433 -0.0253433
 535 -0.0253007 -0.0253007
 690 0.024834 -0.024834
 795 -0.0246707 -0.0246707
 530 0.0244682 -0.0244682
 631 -0.0242518 -0.0242518
 9 0.0242122 -0.0242122
 211 0.0241334 -0.0241334
 884 0.0241246 -0.0241246
 950 0.0239103 -0.0239103
 121 -0.0238498 -0.0238498
 595 -0.0238305 -0.0238305
 529 0.023781 -0.023781
 758 0.0236939 -0.0236939
 34 0.0233682 -0.0233682
 851 -0.0225258 -0.0225258
 647 -0.0224945 -0.0224945
 242 -0.0223476 -0.0223476
 589 0.0219846 -0.0219846
 14 0.0218637 -0.0218637
 867 0.0218407 -0.0218407
 99 0.0217819 -0.0217819
 722 -0.0217429 -0.0217429
 145 0.0214294 -0.0214294
 1015 -0.021364 -0.021364
 605 -0.0210227 -0.0210227
 162 -0.0209233 -0.0209233
 540 0.0208804 -0.0208804
 240 0.0205501 -0.0205501
 93 0.0205091 -0.0205091
 675 0.020416 -0.020416
 691 0.0203552 -0.0203552
 248 -0.0203175 -0.0203175
 684 -0.0201824 -0.0201824
 159 0.0198487 -0.0198487
 555 0.0198273 -0.0198273
 1021 0.0195414 -0.0195414
 216 -0.0190642 -0.0190642
 50 0.018963 -0.018963
 700 0.0185645 -0.0185645
 613 0.0185622 -0.0185622
 231 -0.0184301 -0.0184301
 632 -0.0183906 -0.0183906
 1048 0.0183787 -0.0183787
 550 0.0183571 -0.0183571
 919 0.0182751 -0.0182751
 846 0.0182688 -0.0182688
 978 0.018262 -0.018262
 698 -0.0178861 -0.0178861
 584 -0.0178817 -0.0178817
 741 -0.0178417 -0.0178417
 628 0.0175951 -0.0175951
 73 -0.0172726 -0.0172726
 911 -0.0171973 -0.0171973
 890 -0.0171731 -0.0171731
 166 -0.0169293 -0.0169293
 1047 -0.0168645 -0.0168645
 693 -0.0162057 -0.0162057
 786 -0.0160591 -0.0160591
 892 0.0160263 -0.0160263
 47 0.015958 -0.015958
 574 -0.0159348 -0.0159348
 7 0.0158909 -0.0158909
 917 0.0155278 -0.0155278
 626 0.0155208 -0.0155208
 974 -0.0154305 -0.0154305
 780 0.0150212 -0.0150212
 827 0.0150038 -0.0150038
 76 -0.0149856 -0.0149856
 863 0.014927 -0.014927
 789 0.0148962 -0.0148962
 977 -0.0148094 -0.0148094
 531 -0.0147123 -0.0147123
 97 0.0147071 -0.0147071
 127 0.014625 -0.014625
 1013 -0.0146196 -0.0146196
 633 0.01447 -0.01447
 554 -0.0144551 -0.0144551
 887 0.0144412 -0.0144412
 634 0.0141352 -0.0141352
 1029 0.014093 -0.014093
 660 0.0136722 -0.0136722
 579 0.0136094 -0.0136094
 689 0.0135391 -0.0135391
 725 0.0131966 -0.0131966
 723 -0.0130421 -0.0130421
 1014 0.0130184 -0.0130184
 77 0.0128061 -0.0128061
 731 -0.0125807 -0.0125807
 642 0.0125389 -0.0125389
 681 -0.0124521 -0.0124521
 1020 -0.012426 -0.012426
 533 0.0124177 -0.0124177
 11 -0.0123424 -0.0123424
 836 0.0123038 -0.0123038
 680 0.0117192 -0.0117192
 747 -0.0114334 -0.0114334
 562 -0.011305 -0.011305
 785 0.0112499 -0.0112499
 916 0.0108092 -0.0108092
 811 -0.010695 -0.010695
 94 0.0103484 -0.0103484
 620 0.0100243 -0.0100243
 779 -0.010015 -0.010015
 664 0.00997191 -0.00997191
 41 0.00980133 -0.00980133
 878 0.0097744 -0.0097744
 935 0.00936316 -0.00936316
 980 0.00933527 -0.00933527
 572 -0.00929832 -0.00929832
 1035 -0.00926194 -0.00926194
 32 -0.0091632 -0.0091632
 904 -0.00905266 -0.00905266
 59 0.0089995 -0.0089995
 187 0.0089333 -0.0089333
 44 0.00862883 -0.00862883
 915 0.00839966 -0.00839966
 174 0.00834208 -0.00834208
 537 0.00832129 -0.00832129
 101 -0.00817617 -0.00817617
 855 -0.00770151 -0.00770151
 695 -0.00740154 -0.00740154
 98 -0.00733647 -0.00733647
 586 0.00718235 -0.00718235
 862 -0.00692075 -0.00692075
 140 -0.00666592 -0.00666592
 109 0.00649349 -0.00649349
 979 0.00646893 -0.00646893
 769 -0.00641645 -0.00641645
 816 0.0063757 -0.0063757
 663 0.0063395 -0.0063395
 219 0.00630088 -0.00630088
 743 0.00629272 -0.00629272
 844 0.0062693 -0.0062693
 788 0.00618933 -0.00618933
 933 -0.00604977 -0.00604977
 112 -0.00600073 -0.00600073
 882 -0.00595688 -0.00595688
 1038 -0.00590274 -0.00590274
 1017 -0.00582871 -0.00582871
 202 -0.00582729 -0.00582729
 62 -0.00581576 -0.00581576
 108 -0.00578444 -0.00578444
 623 0.00568584 -0.00568584
 1024 0.00564437 -0.00564437
 854 -0.00559867 -0.00559867
 823 0.00559066 -0.00559066
 972 0.00558989 -0.00558989
 1040 0.00529315 -0.00529315
 885 -0.0051767 -0.0051767
 946 0.00515978 -0.00515978
 1030 0.00506163 -0.00506163
 40 -0.00503502 -0.00503502
 814 -0.00494488 -0.00494488
 914 -0.0048179 -0.0048179
 1022 -0.00473936 -0.00473936
 985 0.00444513 -0.00444513
 856 -0.00436578 -0.00436578
 982 -0.00434322 -0.00434322
 994 0.00432711 -0.00432711
 927 -0.0042947 -0.0042947
 1046 0.00428434 -0.00428434
 812 -0.00425642 -0.00425642
 942 -0.00420689 -0.00420689
 853 -0.00414959 -0.00414959
 611 -0.00412299 -0.00412299
 877 0.00407419 -0.00407419
 724 -0.00400982 -0.00400982
 276 -0.00400914 -0.00400914
 190 -0.00390814 -0.00390814
 897 -0.00379859 -0.00379859
 1011 0.00374025 -0.00374025
 138 -0.0037179 -0.0037179
 699 -0.00365544 -0.00365544
 895 -0.00364984 -0.00364984
 638 0.00361556 -0.00361556
 612 -0.00349739 -0.00349739
 920 -0.00346188 -0.00346188
 782 -0.00340587 -0.00340587
 1016 0.00337376 -0.00337376
 706 -0.00337264 -0.00337264
 848 -0.00334867 -0.00334867
 756 0.00324403 -0.00324403
 646 -0.00323414 -0.00323414
 981 0.00323367 -0.00323367
 906 0.00320143 -0.00320143
 284 0.00318014 -0.00318014
 930 -0.00311668 -0.00311668
 921 0.00307482 -0.00307482
 197 0.00303376 -0.00303376
 1019 -0.00299329 -0.00299329
 1039 0.00292818 -0.00292818
 937 -0.0029035 -0.0029035
 247 0.00274022 -0.00274022
 832 -0.00273745 -0.00273745
 105 -0.00270889 -0.00270889
 944 -0.00266071 -0.00266071
 1026 0.00263392 -0.00263392
 976 -0.00263207 -0.00263207
 835 0.00261868 -0.00261868
 125 -0.00261288 -0.00261288
 989 -0.00261065 -0.00261065
 995 0.00258955 -0.00258955
 1042 -0.00256833 -0.00256833
 852 -0.00254904 -0.00254904
 1006 -0.00253087 -0.00253087
 988 -0.00250319 -0.00250319
 936 -0.00248596 -0.00248596
 975 -0.00248351 -0.00248351
 209 -0.00247471 -0.00247471
 703 0.00247017 -0.00247017
 1007 -0.00238878 -0.00238878
 945 -0.00238466 -0.00238466
 1025 0.0023463 -0.0023463
 629 0.00232615 -0.00232615
 1008 -0.00223508 -0.00223508
 860 -0.00218857 -0.00218857
 991 0.00218171 -0.00218171
 275 0.00217825 -0.00217825
 654 -0.00216239 -0.00216239
 943 0.00209635 -0.00209635
 857 0.00205001 -0.00205001
 894 0.00201763 -0.00201763
 954 0.00198898 -0.00198898
 865 -0.00197726 -0.00197726
 821 -0.00197657 -0.00197657
 372 0.00197178 -0.00197178
 868 -0.001966 -0.001966
 1023 0.0019571 -0.0019571
 92 0.00194338 -0.00194338
 285 -0.00193717 -0.00193717
 837 -0.00193694 -0.00193694
 697 -0.00191853 -0.00191853
 645 -0.00188949 -0.00188949
 130 -0.00186668 -0.00186668
 286 0.00178699 -0.00178699
 838 0.00176666 -0.00176666
 900 -0.00176392 -0.00176392
 861 0.00167671 -0.00167671
 819 -0.00167301 -0.00167301
 843 -0.00165171 -0.00165171
 970 0.00160978 -0.00160978
 282 -0.00159742 -0.00159742
 804 0.00159093 -0.00159093
 415 0.00156273 -0.00156273
 1000 0.00155069 -0.00155069
 839 -0.00153486 -0.00153486
 899 0.00151696 -0.00151696
 909 0.00148462 -0.00148462
 999 -0.00146742 -0.00146742
 356 0.00146716 -0.00146716
 381 -0.00146458 -0.00146458
 198 0.00143532 -0.00143532
 1028 0.00141443 -0.00141443
 365 0.00139287 -0.00139287
 949 0.0013809 -0.0013809
 358 0.00137489 -0.00137489
 265 0.00137062 -0.00137062
 864 0.00136644 -0.00136644
 1037 0.00136471 -0.00136471
 472 -0.00136274 -0.00136274
 888 -0.00135768 -0.00135768
 438 0.00135563 -0.00135563
 947 -0.00133624 -0.00133624
 858 0.00131551 -0.00131551
 473 -0.00130559 -0.00130559
 280 -0.0012965 -0.0012965
 274 -0.00128584 -0.00128584
 507 0.00128485 -0.00128485
 278 0.00128101 -0.00128101
 929 -0.00126296 -0.00126296
 967 -0.00124657 -0.00124657
 876 0.00121917 -0.00121917
 392 -0.00115447 -0.00115447
 279 -0.00115017 -0.00115017
 1043 -0.00114428 -0.00114428
 459 0.00114073 -0.00114073
 270 -0.00113778 -0.00113778
 971 0.00110529 -0.00110529
 925 -0.00109667 -0.00109667
 617 -0.00109096 -0.00109096
 1027 -0.00108914 -0.00108914
 787 0.00108571 -0.00108571
 425 -0.00108499 -0.00108499
 969 -0.00107342 -0.00107342
 1045 -0.00106342 -0.00106342
 934 -0.00105512 -0.00105512
 384 0.000987765 -0.000987765
 281 0.00096711 -0.00096711
 1002 0.000957678 -0.000957678
 842 -0.00094786 -0.00094786
 292 -0.000919475 -0.000919475
 1010 0.000892166 -0.000892166
 118 -0.000884113 -0.000884113
 847 -0.000873753 -0.000873753
 849 -0.000870535 -0.000870535
 520 0.00086166 -0.00086166
 486 -0.00086024 -0.00086024
 291 0.000857906 -0.000857906
 405 -0.000853887 -0.000853887
 439 0.000839514 -0.000839514
 289 0.000835029 -0.000835029
 272 -0.000832078 -0.000832078
 277 0.00081148 -0.00081148
 992 0.000803113 -0.000803113
 870 -0.000752133 -0.000752133
 973 -0.000749262 -0.000749262
 298 0.000745883 -0.000745883
 269 0.000728757 -0.000728757
 542 -0.00071747 -0.00071747
 338 -0.000709252 -0.000709252
 1032 0.000703757 -0.000703757
 774 0.000702402 -0.000702402
 907 0.000693286 -0.000693286
 952 -0.00067128 -0.00067128
 1034 -0.000668411 -0.000668411
 905 -0.000656398 -0.000656398
 850 -0.000643033 -0.000643033
 941 0.000635376 -0.000635376
 1005 -0.000632735 -0.000632735
 390 -0.000631647 -0.000631647
 424 0.000624593 -0.000624593
 369 0.00060609 -0.00060609
 903 -0.000605746 -0.000605746
 990 0.000602004 -0.000602004
 918 -0.000593589 -0.000593589
 956 0.000590999 -0.000590999
 1003 0.000585279 -0.000585279
 366 -0.000576374 -0.000576374
 302 0.000557469 -0.000557469
 305 0.000545916 -0.000545916
 389 0.000533793 -0.000533793
 427 0.000529431 -0.000529431
 845 -0.000523319 -0.000523319
 871 0.00050375 -0.00050375
 958 0.000500458 -0.000500458
 324 -0.000498461 -0.000498461
 997 -0.000486124 -0.000486124
 303 -0.000481659 -0.000481659
 370 0.000473951 -0.000473951
 359 -0.000473324 -0.000473324
 875 -0.000470454 -0.000470454
 271 0.000463382 -0.000463382
 831 0.000458188 -0.000458188
 923 -0.000456965 -0.000456965
 361 -0.000453243 -0.000453243
 454 0.000447986 -0.000447986
 960 0.000445251 -0.000445251
 402 0.000438266 -0.000438266
 872 0.000431112 -0.000431112
 959 0.00043018 -0.00043018
 327 -0.00041327 -0.00041327
 287 -0.000404291 -0.000404291
 922 -0.000403888 -0.000403888
 357 -0.00039979 -0.00039979
 828 -0.000397659 -0.000397659
 283 -0.000395136 -0.000395136
 393 -0.000393002 -0.000393002
 360 0.000387799 -0.000387799
 341 -0.000386807 -0.000386807
 362 0.000382857 -0.000382857
 400 0.000376588 -0.000376588
 869 -0.000372588 -0.000372588
 355 -0.000369116 -0.000369116
 335 -0.000363448 -0.000363448
 404 -0.000352118 -0.000352118
 753 0.000347955 -0.000347955
 984 0.000337793 -0.000337793
 342 -0.000330041 -0.000330041
 344 -0.000318782 -0.000318782
 953 -0.000316264 -0.000316264
 474 -0.000310917 -0.000310917
 488 -0.000308402 -0.000308402
 940 -0.000299129 -0.000299129
 497 0.000293118 -0.000293118
 440 0.000291199 -0.000291199
 264 0.000288394 -0.000288394
 1004 -0.000285829 -0.000285829
 463 -0.000283644 -0.000283644
 103 -0.000282543 -0.000282543
 494 -0.000277315 -0.000277315
 460 0.000277281 -0.000277281
 964 0.000274254 -0.000274254
 879 0.00027269 -0.00027269
 817 -0.000270457 -0.000270457
 987 -0.000262008 -0.000262008
 343 0.0002604 -0.0002604
 453 -0.000254546 -0.000254546
 374 0.000244001 -0.000244001
 340 -0.000242659 -0.000242659
 419 0.000240928 -0.000240928
 841 -0.000238474 -0.000238474
 290 -0.000233293 -0.000233293
 377 -0.000232014 -0.000232014
 379 0.000230491 -0.000230491
 840 0.000228669 -0.000228669
 437 -0.000228415 -0.000228415
 301 0.000226786 -0.000226786
 407 0.000223016 -0.000223016
 932 0.000220684 -0.000220684
 477 0.000219324 -0.000219324
 306 -0.000213186 -0.000213186
 475 -0.000211323 -0.000211323
 418 -0.000206483 -0.000206483
 1041 0.000203 -0.000203
 457 0.000201936 -0.000201936
 443 -0.000199142 -0.000199142
 509 0.000197327 -0.000197327
 368 -0.000191419 -0.000191419
 524 0.000189644 -0.000189644
 420 -0.000186476 -0.000186476
 938 -0.00018402 -0.00018402
 485 -0.000183499 -0.000183499
 329 -0.000182239 -0.000182239
 386 0.000181839 -0.000181839
 336 -0.000181071 -0.000181071
 403 0.000180684 -0.000180684
 267 0.000177002 -0.000177002
 375 0.000175039 -0.000175039
 382 0.000174535 -0.000174535
 955 0.000172308 -0.000172308
 322 0.000171706 -0.000171706
 451 0.000170972 -0.000170972
 491 -0.000166926 -0.000166926
 330 -0.000163597 -0.000163597
 378 0.000159028 -0.000159028
 478 0.000157724 -0.000157724
 266 0.00015443 -0.00015443
 422 0.000153521 -0.000153521
 490 -0.000153034 -0.000153034
 328 -0.000150683 -0.000150683
 376 0.000149893 -0.000149893
 332 -0.000149497 -0.000149497
 962 -0.000148351 -0.000148351
 512 -0.000148023 -0.000148023
 462 0.000147881 -0.000147881
 273 0.000147595 -0.000147595
 426 0.000147415 -0.000147415
 395 0.000145722 -0.000145722
 294 -0.000145226 -0.000145226
 333 -0.000138848 -0.000138848
 268 0.000138187 -0.000138187
 388 0.000138013 -0.000138013
 363 0.000136195 -0.000136195
 337 -0.000136062 -0.000136062
 313 -0.000134603 -0.000134603
 334 -0.000132204 -0.000132204
 319 -0.000129267 -0.000129267
 413 -0.00012534 -0.00012534
 308 -0.00012476 -0.00012476
 326 -0.000124442 -0.000124442
 428 -0.00012136 -0.00012136
 416 -0.000121144 -0.000121144
 288 -0.000121014 -0.000121014
 297 -0.000117767 -0.000117767
 325 -0.000114241 -0.000114241
 318 -0.000114051 -0.000114051
 385 0.000111644 -0.000111644
 461 -0.000110119 -0.000110119
 450 0.000108412 -0.000108412
 321 -0.000107967 -0.000107967
 315 -0.000105493 -0.000105493
 310 -0.000103572 -0.000103572
 391 9.81546e-05 -9.81546e-05
 957 9.60348e-05 -9.60348e-05
 316 -9.56479e-05 -9.56479e-05
 364 9.48948e-05 -9.48948e-05
 482 -9.37108e-05 -9.37108e-05
 824 9.2759e-05 -9.2759e-05
 331 -9.17552e-05 -9.17552e-05
 304 -9.13009e-05 -9.13009e-05
 993 9.1238e-05 -9.1238e-05
 317 -9.10286e-05 -9.10286e-05
 968 8.4626e-05 -8.4626e-05
 458 -8.24079e-05 -8.24079e-05
 373 -8.22421e-05 -8.22421e-05
 296 -8.13971e-05 -8.13971e-05
 455 8.09484e-05 -8.09484e-05
 411 8.03693e-05 -8.03693e-05
 300 -7.84104e-05 -7.84104e-05
 421 -7.6328e-05 -7.6328e-05
 442 -7.63108e-05 -7.63108e-05
 323 -7.58322e-05 -7.58322e-05
 263 7.47247e-05 -7.47247e-05
 516 7.38743e-05 -7.38743e-05
 493 -7.37071e-05 -7.37071e-05
 311 -7.36473e-05 -7.36473e-05
 408 7.11365e-05 -7.11365e-05
 371 7.09263e-05 -7.09263e-05
 295 -7.08913e-05 -7.08913e-05
 314 -7.07465e-05 -7.07465e-05
 834 7.02096e-05 -7.02096e-05
 448 6.92518e-05 -6.92518e-05
 414 -6.65821e-05 -6.65821e-05
 412 -6.59265e-05 -6.59265e-05
 383 -6.46733e-05 -6.46733e-05
 505 6.43293e-05 -6.43293e-05
 299 -6.17367e-05 -6.17367e-05
 307 -6.13283e-05 -6.13283e-05
 396 -5.99579e-05 -5.99579e-05
 312 5.88013e-05 -5.88013e-05
 518 -5.78024e-05 -5.78024e-05
 466 -5.60231e-05 -5.60231e-05
 873 5.60087e-05 -5.60087e-05
 423 -5.56048e-05 -5.56048e-05
 500 5.42547e-05 -5.42547e-05
 353 5.42384e-05 -5.42384e-05
 339 -5.27975e-05 -5.27975e-05
 874 5.25066e-05 -5.25066e-05
 354 5.17004e-05 -5.17004e-05
 320 5.09638e-05 -5.09638e-05
 511 -5.00656e-05 -5.00656e-05
 471 -5.00118e-05 -5.00118e-05
 309 -4.89961e-05 -4.89961e-05
 522 4.86486e-05 -4.86486e-05
 387 4.83883e-05 -4.83883e-05
 484 4.62522e-05 -4.62522e-05
 489 -4.62163e-05 -4.62163e-05
 406 -4.5498e-05 -4.5498e-05
 401 4.10611e-05 -4.10611e-05
 367 -4.08258e-05 -4.08258e-05
 293 -4.04699e-05 -4.04699e-05
 409 -4.04154e-05 -4.04154e-05
 483 -3.95309e-05 -3.95309e-05
 492 3.92449e-05 -3.92449e-05
 345 3.77393e-05 -3.77393e-05
 506 3.77209e-05 -3.77209e-05
 347 3.73879e-05 -3.73879e-05
 446 3.49879e-05 -3.49879e-05
 436 -3.37075e-05 -3.37075e-05
 465 -3.3699e-05 -3.3699e-05
 435 -3.15216e-05 -3.15216e-05
 523 3.096e-05 -3.096e-05
 501 3.08392e-05 -3.08392e-05
 394 -2.9811e-05 -2.9811e-05
 515 2.95608e-05 -2.95608e-05
 350 -2.83205e-05 -2.83205e-05
 348 -2.53342e-05 -2.53342e-05
 499 2.51271e-05 -2.51271e-05
 430 2.50442e-05 -2.50442e-05
 504 2.46714e-05 -2.46714e-05
 447 2.37014e-05 -2.37014e-05
 481 -2.20979e-05 -2.20979e-05
 508 2.19271e-05 -2.19271e-05
 487 2.19073e-05 -2.19073e-05
 346 -2.03445e-05 -2.03445e-05
 513 1.95022e-05 -1.95022e-05
 496 -1.81831e-05 -1.81831e-05
 410 -1.75374e-05 -1.75374e-05
 398 -1.74237e-05 -1.74237e-05
 432 1.73831e-05 -1.73831e-05
 479 -1.73508e-05 -1.73508e-05
 467 -1.67434e-05 -1.67434e-05
 431 1.67167e-05 -1.67167e-05
 965 -1.66243e-05 -1.66243e-05
 449 1.66064e-05 -1.66064e-05
 498 -1.65632e-05 -1.65632e-05
 517 1.50025e-05 -1.50025e-05
 351 1.38333e-05 -1.38333e-05
 397 1.38128e-05 -1.38128e-05
 476 -1.34849e-05 -1.34849e-05
 514 -1.19826e-05 -1.19826e-05
 399 -1.14499e-05 -1.14499e-05
 352 1.13948e-05 -1.13948e-05
 469 -1.02509e-05 -1.02509e-05
 503 9.25648e-06 -9.25648e-06
 441 9.09058e-06 -9.09058e-06
 521 8.43677e-06 -8.43677e-06
 519 7.07322e-06 -7.07322e-06
 456 6.94586e-06 -6.94586e-06
 480 6.67614e-06 -6.67614e-06
 433 -5.96898e-06 -5.96898e-06
 510 5.80091e-06 -5.80091e-06
 468 5.57481e-06 -5.57481e-06
 464 -5.41898e-06 -5.41898e-06
 349 5.17341e-06 -5.17341e-06
 380 4.06812e-06 -4.06812e-06
 495 -3.54006e-06 -3.54006e-06
 452 3.49681e-06 -3.49681e-06
 444 -3.22482e-06 -3.22482e-06
 429 -2.43082e-06 -2.43082e-06
 502 -2.29394e-06 -2.29394e-06
 470 1.77272e-06 -1.77272e-06
 434 1.66174e-06 -1.66174e-06
 417 -1.23395e-06 -1.23395e-06
 445 -6.46211e-07 -6.46211e-07
