--------------------------------
2014
19516.3
19512.6
 4813.96 8705.25 980.37 1179.18 1139.51 2210.28 296.081 118.109 35.7221 13.7659 8.28078 4.93625 3.16517 3.62087 0.394184
--------------------------------
--------------------------------
2016
12244.8
12243.6
 199.816 1214.4 4402.76 3553.7 1699.39 356.107 381.583 268.235 128.172 30.3931 4.33558 2.56318 0 1.20771 0.946195
--------------------------------
--------------------------------
2018
5551.93
5551.35
 450.645 499.76 234.265 699.106 2179.93 819.792 338.993 156.72 115.126 36.9555 17.3419 0.0893756 1.75447 0.0372731 0.841719
--------------------------------
--------------------------------
2022
9674.4
9672.86
 151.285 396.563 2230.37 4411.29 1581.98 216.37 269.844 237.126 101.649 40.2843 23.6517 7.80716 3.51121 0.490218 0.637519
--------------------------------
