 1049 22.8694 -22.8694
 1036 18.4453 -18.4453
 1015 -15.4396 -15.4396
 900 14.9206 -14.9206
 1041 13.7742 -13.7742
 992 10.8412 -10.8412
 902 8.00041 -8.00041
 1052 7.91261 -7.91261
 1023 7.05216 -7.05216
 1002 -5.90162 -5.90162
 876 -5.68498 -5.68498
 898 4.37379 -4.37379
 1025 -3.89699 -3.89699
 799 -3.81286 -3.81286
 905 -3.79387 -3.79387
 804 3.66433 -3.66433
 1038 -3.63932 -3.63932
 924 -3.07205 -3.07205
 989 -3.01763 -3.01763
 801 -2.57685 -2.57685
 968 -2.263 -2.263
 917 2.13682 -2.13682
 806 -2.01508 -2.01508
 981 1.81003 -1.81003
 798 -1.58439 -1.58439
 890 1.5407 -1.5407
 889 1.46374 -1.46374
 794 1.43346 -1.43346
 1020 1.43121 -1.43121
 955 -1.38361 -1.38361
 939 -1.3534 -1.3534
 894 -1.2791 -1.2791
 808 1.27837 -1.27837
 797 1.24415 -1.24415
 875 1.2307 -1.2307
 1019 -1.21705 -1.21705
 934 1.12272 -1.12272
 1004 -1.09397 -1.09397
 1045 -1.09024 -1.09024
 854 -1.07634 -1.07634
 1007 -1.06624 -1.06624
 800 1.0548 -1.0548
 973 1.03736 -1.03736
 1026 -0.995224 -0.995224
 809 -0.904347 -0.904347
 913 -0.899181 -0.899181
 828 0.879653 -0.879653
 803 0.854597 -0.854597
 792 -0.839605 -0.839605
 862 -0.827421 -0.827421
 832 -0.823034 -0.823034
 807 0.799313 -0.799313
 951 0.781908 -0.781908
 909 0.759803 -0.759803
 830 -0.701421 -0.701421
 899 -0.693956 -0.693956
 594 -0.68308 -0.68308
 966 -0.671677 -0.671677
 991 0.66487 -0.66487
 892 -0.664526 -0.664526
 598 0.647928 -0.647928
 72 0.647285 -0.647285
 970 -0.625839 -0.625839
 911 0.611312 -0.611312
 833 0.606963 -0.606963
 957 0.577053 -0.577053
 796 -0.568433 -0.568433
 805 0.564562 -0.564562
 947 0.559592 -0.559592
 868 0.556467 -0.556467
 527 0.552358 -0.552358
 891 0.510391 -0.510391
 895 0.498915 -0.498915
 263 0.455276 -0.455276
 901 -0.450687 -0.450687
 229 0.444407 -0.444407
 910 -0.441355 -0.441355
 197 0.439739 -0.439739
 163 0.434912 -0.434912
 869 0.429196 -0.429196
 821 0.392843 -0.392843
 262 0.386818 -0.386818
 1047 0.385127 -0.385127
 1017 0.38235 -0.38235
 984 -0.381104 -0.381104
 864 -0.380486 -0.380486
 927 0.380079 -0.380079
 802 -0.350911 -0.350911
 812 -0.349248 -0.349248
 865 -0.347916 -0.347916
 203 0.347561 -0.347561
 907 -0.34461 -0.34461
 230 0.342118 -0.342118
 68 0.342036 -0.342036
 196 0.340483 -0.340483
 170 -0.337187 -0.337187
 811 0.331397 -0.331397
 825 0.32898 -0.32898
 1018 0.326568 -0.326568
 116 0.326015 -0.326015
 936 -0.320009 -0.320009
 57 -0.306777 -0.306777
 601 0.302306 -0.302306
 918 0.2991 -0.2991
 164 0.296619 -0.296619
 813 0.288366 -0.288366
 793 0.280595 -0.280595
 888 0.280532 -0.280532
 1039 -0.279938 -0.279938
 226 -0.276468 -0.276468
 596 -0.272557 -0.272557
 615 -0.269886 -0.269886
 932 -0.268246 -0.268246
 120 -0.264153 -0.264153
 858 0.255949 -0.255949
 1044 -0.252524 -0.252524
 623 0.248177 -0.248177
 600 0.243687 -0.243687
 988 0.243379 -0.243379
 920 0.243373 -0.243373
 1022 0.240729 -0.240729
 1048 0.240223 -0.240223
 214 -0.235204 -0.235204
 916 0.233281 -0.233281
 32 0.218902 -0.218902
 896 -0.216144 -0.216144
 1029 -0.215903 -0.215903
 589 0.208756 -0.208756
 213 -0.20834 -0.20834
 795 -0.203986 -0.203986
 193 0.203903 -0.203903
 583 -0.202549 -0.202549
 109 0.199529 -0.199529
 810 0.199015 -0.199015
 117 0.195393 -0.195393
 941 -0.193402 -0.193402
 151 -0.191759 -0.191759
 150 -0.188384 -0.188384
 919 0.187701 -0.187701
 571 0.185773 -0.185773
 89 0.185427 -0.185427
 986 -0.18354 -0.18354
 851 -0.181243 -0.181243
 247 0.179538 -0.179538
 592 -0.178451 -0.178451
 859 0.174987 -0.174987
 857 0.174936 -0.174936
 1035 0.174139 -0.174139
 587 0.17304 -0.17304
 866 -0.161874 -0.161874
 819 0.159153 -0.159153
 829 0.158189 -0.158189
 125 -0.156478 -0.156478
 953 -0.153398 -0.153398
 897 -0.152447 -0.152447
 983 0.151572 -0.151572
 861 -0.150629 -0.150629
 1034 0.150391 -0.150391
 192 0.149585 -0.149585
 886 -0.144889 -0.144889
 224 -0.144581 -0.144581
 191 -0.142466 -0.142466
 977 -0.142299 -0.142299
 925 -0.138252 -0.138252
 818 -0.138164 -0.138164
 590 0.137025 -0.137025
 614 -0.13596 -0.13596
 528 -0.135376 -0.135376
 577 0.134223 -0.134223
 128 0.134035 -0.134035
 1031 0.133194 -0.133194
 849 -0.131334 -0.131334
 260 0.130056 -0.130056
 979 -0.128192 -0.128192
 863 -0.126705 -0.126705
 877 0.126524 -0.126524
 574 0.126037 -0.126037
 257 -0.125874 -0.125874
 78 -0.121839 -0.121839
 74 0.11891 -0.11891
 921 0.118473 -0.118473
 219 -0.117963 -0.117963
 1042 0.117939 -0.117939
 52 -0.116016 -0.116016
 578 0.115958 -0.115958
 949 0.114816 -0.114816
 153 -0.114083 -0.114083
 25 0.114001 -0.114001
 867 -0.113821 -0.113821
 106 0.111045 -0.111045
 158 0.1108 -0.1108
 105 0.110473 -0.110473
 186 -0.110384 -0.110384
 1011 -0.110313 -0.110313
 53 -0.104113 -0.104113
 215 -0.103642 -0.103642
 112 0.102808 -0.102808
 28 0.102326 -0.102326
 110 -0.101466 -0.101466
 1027 0.0987139 -0.0987139
 111 -0.0981677 -0.0981677
 836 -0.0962978 -0.0962978
 92 0.0958209 -0.0958209
 945 -0.0953871 -0.0953871
 580 0.0949611 -0.0949611
 1032 -0.0944895 -0.0944895
 982 0.0935753 -0.0935753
 529 0.0930376 -0.0930376
 259 -0.0925374 -0.0925374
 719 -0.0922449 -0.0922449
 50 -0.0913873 -0.0913873
 1051 -0.0888805 -0.0888805
 826 -0.0886984 -0.0886984
 929 -0.088113 -0.088113
 1012 0.0870029 -0.0870029
 1024 -0.0866183 -0.0866183
 1030 -0.0859871 -0.0859871
 1000 -0.0851762 -0.0851762
 51 -0.0847688 -0.0847688
 248 -0.0844677 -0.0844677
 182 -0.0841924 -0.0841924
 221 -0.0841689 -0.0841689
 785 -0.0828373 -0.0828373
 928 -0.0824808 -0.0824808
 42 -0.0823306 -0.0823306
 834 -0.0807676 -0.0807676
 254 -0.0802681 -0.0802681
 791 0.0801025 -0.0801025
 200 0.0798059 -0.0798059
 604 0.0797304 -0.0797304
 241 -0.0797155 -0.0797155
 40 -0.0794432 -0.0794432
 145 -0.0792049 -0.0792049
 167 -0.0790135 -0.0790135
 220 -0.078898 -0.078898
 686 -0.0768312 -0.0768312
 593 -0.0767248 -0.0767248
 856 0.07652 -0.07652
 79 -0.0763011 -0.0763011
 708 0.0757776 -0.0757776
 208 -0.0754502 -0.0754502
 180 0.0754278 -0.0754278
 90 0.0743501 -0.0743501
 227 -0.0740493 -0.0740493
 997 -0.0734786 -0.0734786
 187 -0.0728912 -0.0728912
 781 0.07278 -0.07278
 595 -0.0720991 -0.0720991
 839 0.0711768 -0.0711768
 963 0.0708905 -0.0708905
 97 -0.0708393 -0.0708393
 250 -0.0703236 -0.0703236
 815 -0.0697071 -0.0697071
 541 -0.0686003 -0.0686003
 54 -0.0680208 -0.0680208
 119 0.067499 -0.067499
 882 0.067376 -0.067376
 234 0.0655959 -0.0655959
 1016 0.0655701 -0.0655701
 91 0.065542 -0.065542
 217 -0.0653625 -0.0653625
 1 -0.0644923 -0.0644923
 175 -0.0641083 -0.0641083
 1040 0.0635555 -0.0635555
 995 -0.0630977 -0.0630977
 60 -0.0630408 -0.0630408
 568 0.0630224 -0.0630224
 216 -0.0629233 -0.0629233
 978 -0.0620895 -0.0620895
 933 0.0619646 -0.0619646
 75 0.0615091 -0.0615091
 838 -0.0613834 -0.0613834
 238 0.0608521 -0.0608521
 1014 0.060072 -0.060072
 1021 -0.0598253 -0.0598253
 100 -0.0596511 -0.0596511
 754 -0.0595424 -0.0595424
 76 0.0595306 -0.0595306
 102 0.0593502 -0.0593502
 183 -0.0590707 -0.0590707
 912 0.058822 -0.058822
 619 -0.0585231 -0.0585231
 1046 -0.0581404 -0.0581404
 156 0.0579604 -0.0579604
 751 -0.0578759 -0.0578759
 914 -0.0577135 -0.0577135
 706 0.0574429 -0.0574429
 554 0.0573835 -0.0573835
 814 0.0573443 -0.0573443
 969 -0.0572541 -0.0572541
 181 -0.056788 -0.056788
 922 -0.0567678 -0.0567678
 557 -0.0560729 -0.0560729
 23 0.0558485 -0.0558485
 201 -0.0557722 -0.0557722
 135 -0.055543 -0.055543
 1008 0.0553238 -0.0553238
 954 -0.0545875 -0.0545875
 249 -0.0536765 -0.0536765
 987 0.0533061 -0.0533061
 605 -0.0526858 -0.0526858
 840 -0.0526748 -0.0526748
 207 -0.0523864 -0.0523864
 142 -0.0522212 -0.0522212
 49 -0.0519041 -0.0519041
 915 0.0518634 -0.0518634
 255 -0.0511542 -0.0511542
 762 0.0510808 -0.0510808
 1013 0.0507654 -0.0507654
 971 -0.0507157 -0.0507157
 14 0.0506367 -0.0506367
 883 0.049874 -0.049874
 127 0.0495818 -0.0495818
 837 -0.0491999 -0.0491999
 1037 -0.0489355 -0.0489355
 95 0.0488443 -0.0488443
 1050 0.0486491 -0.0486491
 10 -0.0482824 -0.0482824
 232 -0.0478489 -0.0478489
 59 -0.0474692 -0.0474692
 923 -0.0472881 -0.0472881
 69 -0.0468987 -0.0468987
 253 -0.0467141 -0.0467141
 67 0.0466475 -0.0466475
 850 -0.046274 -0.046274
 884 0.0461531 -0.0461531
 961 0.0460344 -0.0460344
 70 0.0454628 -0.0454628
 143 0.0454185 -0.0454185
 841 -0.0452319 -0.0452319
 776 0.0451861 -0.0451861
 114 -0.0441839 -0.0441839
 617 0.0439143 -0.0439143
 579 0.0438952 -0.0438952
 967 -0.0432997 -0.0432997
 12 -0.0428993 -0.0428993
 908 0.04271 -0.04271
 45 -0.0425121 -0.0425121
 31 -0.042003 -0.042003
 843 -0.0417544 -0.0417544
 906 0.0417215 -0.0417215
 956 0.0416548 -0.0416548
 243 -0.0416054 -0.0416054
 169 0.0412196 -0.0412196
 96 0.0411007 -0.0411007
 48 -0.0410912 -0.0410912
 993 -0.0409601 -0.0409601
 842 -0.0407113 -0.0407113
 620 -0.0405984 -0.0405984
 567 0.0405525 -0.0405525
 959 -0.0404782 -0.0404782
 585 0.0401938 -0.0401938
 195 0.0392744 -0.0392744
 564 0.0392711 -0.0392711
 1043 -0.0392123 -0.0392123
 148 -0.0391826 -0.0391826
 688 -0.0391811 -0.0391811
 994 -0.0388821 -0.0388821
 753 -0.038534 -0.038534
 816 0.038462 -0.038462
 725 -0.03846 -0.03846
 852 -0.0384275 -0.0384275
 218 0.0382679 -0.0382679
 1006 -0.0378833 -0.0378833
 996 -0.0377721 -0.0377721
 132 0.0372615 -0.0372615
 602 0.0369639 -0.0369639
 718 -0.0368959 -0.0368959
 37 -0.0368399 -0.0368399
 878 0.0364754 -0.0364754
 666 0.0363787 -0.0363787
 747 0.0362098 -0.0362098
 94 0.0359892 -0.0359892
 134 0.0356199 -0.0356199
 154 -0.0356164 -0.0356164
 168 0.0355992 -0.0355992
 33 -0.0355182 -0.0355182
 690 0.0354252 -0.0354252
 817 -0.0354128 -0.0354128
 683 0.0353402 -0.0353402
 655 -0.0352821 -0.0352821
 34 -0.0351711 -0.0351711
 820 0.0347159 -0.0347159
 71 0.0346875 -0.0346875
 118 0.0343931 -0.0343931
 11 0.0342625 -0.0342625
 772 -0.033221 -0.033221
 99 -0.0331291 -0.0331291
 677 0.0327702 -0.0327702
 172 -0.0326736 -0.0326736
 210 0.0324465 -0.0324465
 1010 -0.032235 -0.032235
 47 0.031892 -0.031892
 4 0.0318058 -0.0318058
 715 0.0317598 -0.0317598
 41 -0.0316368 -0.0316368
 685 0.0312373 -0.0312373
 231 0.0310247 -0.0310247
 64 0.0309079 -0.0309079
 543 0.0307851 -0.0307851
 266 -0.0306102 -0.0306102
 188 -0.0304549 -0.0304549
 2 0.0303475 -0.0303475
 930 0.0290126 -0.0290126
 1005 -0.0289893 -0.0289893
 1001 0.0289655 -0.0289655
 990 0.028833 -0.028833
 236 -0.0287531 -0.0287531
 58 -0.02874 -0.02874
 853 -0.0286826 -0.0286826
 9 0.0280262 -0.0280262
 651 0.0279718 -0.0279718
 246 -0.0279055 -0.0279055
 616 0.027887 -0.027887
 17 0.0278769 -0.0278769
 55 -0.0277421 -0.0277421
 1033 -0.0273604 -0.0273604
 16 -0.0273252 -0.0273252
 958 0.0269213 -0.0269213
 676 0.0268735 -0.0268735
 723 0.0268143 -0.0268143
 717 -0.0264152 -0.0264152
 138 -0.0262576 -0.0262576
 7 0.026128 -0.026128
 565 -0.0260896 -0.0260896
 225 -0.0260532 -0.0260532
 749 -0.0260204 -0.0260204
 710 -0.0259679 -0.0259679
 575 0.0258966 -0.0258966
 179 0.0256416 -0.0256416
 131 -0.0256092 -0.0256092
 273 -0.0255598 -0.0255598
 124 0.025506 -0.025506
 745 -0.0254442 -0.0254442
 720 -0.0253723 -0.0253723
 171 0.02516 -0.02516
 222 -0.0250676 -0.0250676
 199 0.0249914 -0.0249914
 535 0.0249657 -0.0249657
 5 -0.0249001 -0.0249001
 591 0.0248813 -0.0248813
 703 0.0248219 -0.0248219
 700 -0.0248127 -0.0248127
 15 -0.0248047 -0.0248047
 39 -0.0245352 -0.0245352
 86 -0.0243632 -0.0243632
 379 0.0243511 -0.0243511
 952 0.0241965 -0.0241965
 161 0.0241297 -0.0241297
 709 0.0240469 -0.0240469
 130 0.0238418 -0.0238418
 162 0.0237609 -0.0237609
 233 0.0237176 -0.0237176
 649 -0.0236543 -0.0236543
 18 0.0229111 -0.0229111
 185 0.0228866 -0.0228866
 73 -0.0228102 -0.0228102
 779 -0.0225166 -0.0225166
 8 -0.0222072 -0.0222072
 855 0.0221958 -0.0221958
 999 0.0221741 -0.0221741
 621 -0.0221331 -0.0221331
 239 -0.0220662 -0.0220662
 80 0.0218675 -0.0218675
 3 0.0216976 -0.0216976
 531 -0.021593 -0.021593
 275 -0.0214557 -0.0214557
 904 -0.0213476 -0.0213476
 972 -0.0212709 -0.0212709
 998 0.021202 -0.021202
 177 -0.021168 -0.021168
 103 -0.0211584 -0.0211584
 714 0.02113 -0.02113
 223 0.0210657 -0.0210657
 44 0.0209947 -0.0209947
 245 -0.0209561 -0.0209561
 569 0.0206553 -0.0206553
 626 -0.0206018 -0.0206018
 678 0.0205912 -0.0205912
 6 -0.0205823 -0.0205823
 635 -0.0205567 -0.0205567
 741 0.0201143 -0.0201143
 756 0.0200307 -0.0200307
 848 -0.0199963 -0.0199963
 113 -0.0199605 -0.0199605
 775 0.0199258 -0.0199258
 466 0.0198765 -0.0198765
 948 -0.0197888 -0.0197888
 962 0.0197443 -0.0197443
 782 0.0196921 -0.0196921
 104 -0.0196796 -0.0196796
 743 0.0194657 -0.0194657
 534 -0.0194432 -0.0194432
 561 0.0194352 -0.0194352
 671 -0.0193681 -0.0193681
 940 -0.0193419 -0.0193419
 674 0.0193191 -0.0193191
 1003 -0.0193126 -0.0193126
 694 -0.019091 -0.019091
 237 -0.0189903 -0.0189903
 885 -0.0189317 -0.0189317
 664 -0.0189158 -0.0189158
 545 -0.0188121 -0.0188121
 147 -0.0187969 -0.0187969
 563 0.0187618 -0.0187618
 744 0.0187374 -0.0187374
 570 -0.0185211 -0.0185211
 433 -0.0185093 -0.0185093
 631 0.0183643 -0.0183643
 831 -0.0182241 -0.0182241
 22 -0.0182199 -0.0182199
 693 -0.0181813 -0.0181813
 950 -0.0180284 -0.0180284
 692 0.0178015 -0.0178015
 30 0.017801 -0.017801
 140 -0.0176945 -0.0176945
 698 -0.0176212 -0.0176212
 943 0.0175529 -0.0175529
 937 -0.0175482 -0.0175482
 108 0.0175011 -0.0175011
 136 -0.0173277 -0.0173277
 736 -0.0172385 -0.0172385
 258 -0.0172223 -0.0172223
 149 -0.0170856 -0.0170856
 742 0.0170217 -0.0170217
 558 -0.0169146 -0.0169146
 261 0.0168464 -0.0168464
 1028 0.0167591 -0.0167591
 732 0.0163925 -0.0163925
 121 0.0163472 -0.0163472
 129 0.0163104 -0.0163104
 634 0.0162303 -0.0162303
 537 -0.0161263 -0.0161263
 721 0.0161106 -0.0161106
 159 -0.0161099 -0.0161099
 827 -0.0159648 -0.0159648
 62 -0.0156821 -0.0156821
 764 -0.0156664 -0.0156664
 668 0.0156293 -0.0156293
 61 -0.0155413 -0.0155413
 645 -0.0154719 -0.0154719
 713 -0.0153453 -0.0153453
 13 -0.0152977 -0.0152977
 599 0.0152769 -0.0152769
 549 0.0152168 -0.0152168
 946 -0.015181 -0.015181
 824 -0.0151443 -0.0151443
 980 0.0151362 -0.0151362
 774 0.0150176 -0.0150176
 689 -0.0148869 -0.0148869
 729 -0.0148727 -0.0148727
 679 0.0147684 -0.0147684
 383 -0.0147395 -0.0147395
 699 -0.0147163 -0.0147163
 691 0.0144228 -0.0144228
 126 0.0144183 -0.0144183
 740 0.01434 -0.01434
 766 0.0141345 -0.0141345
 704 0.0141343 -0.0141343
 612 -0.0141084 -0.0141084
 165 0.0140193 -0.0140193
 189 0.0138444 -0.0138444
 63 0.0138441 -0.0138441
 846 0.0138079 -0.0138079
 456 0.0137878 -0.0137878
 295 0.0137596 -0.0137596
 711 0.0136253 -0.0136253
 489 -0.0136128 -0.0136128
 350 -0.0135895 -0.0135895
 734 0.013451 -0.013451
 636 0.0133903 -0.0133903
 546 0.0133775 -0.0133775
 931 -0.0133596 -0.0133596
 652 -0.0133543 -0.0133543
 926 -0.0133292 -0.0133292
 155 0.0132065 -0.0132065
 724 -0.0131234 -0.0131234
 761 0.0131051 -0.0131051
 1009 -0.0130945 -0.0130945
 648 -0.0130079 -0.0130079
 66 -0.0129159 -0.0129159
 847 -0.0128675 -0.0128675
 93 0.0128656 -0.0128656
 696 0.0127107 -0.0127107
 733 0.0126632 -0.0126632
 544 -0.0126542 -0.0126542
 659 0.0126502 -0.0126502
 728 -0.0126301 -0.0126301
 372 0.0125948 -0.0125948
 716 0.0124983 -0.0124983
 622 0.0122649 -0.0122649
 823 -0.0121133 -0.0121133
 625 -0.0120539 -0.0120539
 757 -0.0120389 -0.0120389
 727 -0.0120259 -0.0120259
 644 0.0119784 -0.0119784
 194 -0.0118258 -0.0118258
 759 -0.0117488 -0.0117488
 707 0.011742 -0.011742
 209 -0.0117211 -0.0117211
 115 0.0116921 -0.0116921
 632 -0.0116813 -0.0116813
 380 0.0116702 -0.0116702
 242 -0.0116223 -0.0116223
 477 -0.0116199 -0.0116199
 767 0.0116073 -0.0116073
 510 0.01156 -0.01156
 758 0.0114882 -0.0114882
 730 0.0114872 -0.0114872
 638 0.0114515 -0.0114515
 176 0.0113697 -0.0113697
 267 0.0113193 -0.0113193
 240 -0.0112295 -0.0112295
 198 -0.011119 -0.011119
 550 -0.0111057 -0.0111057
 139 0.0110253 -0.0110253
 974 -0.0110236 -0.0110236
 35 0.0110049 -0.0110049
 633 0.0104935 -0.0104935
 555 0.01047 -0.01047
 36 -0.0104097 -0.0104097
 413 -0.0103578 -0.0103578
 152 -0.0102739 -0.0102739
 647 0.0101902 -0.0101902
 551 -0.0101815 -0.0101815
 770 0.0100475 -0.0100475
 656 -0.0100128 -0.0100128
 251 0.00989501 -0.00989501
 137 0.00984113 -0.00984113
 274 0.00982497 -0.00982497
 738 -0.00981342 -0.00981342
 391 0.00979952 -0.00979952
 277 0.00974718 -0.00974718
 769 0.0097393 -0.0097393
 650 0.00969275 -0.00969275
 628 -0.00963956 -0.00963956
 157 0.00960526 -0.00960526
 665 0.00960372 -0.00960372
 77 -0.00953916 -0.00953916
 760 -0.00947044 -0.00947044
 822 0.00931493 -0.00931493
 144 0.00929802 -0.00929802
 421 0.00928738 -0.00928738
 964 0.00923944 -0.00923944
 536 0.00921841 -0.00921841
 141 -0.00899856 -0.00899856
 606 -0.00894562 -0.00894562
 669 0.00888607 -0.00888607
 533 0.00887349 -0.00887349
 763 0.00886409 -0.00886409
 556 -0.00885332 -0.00885332
 787 -0.00879456 -0.00879456
 542 -0.00866925 -0.00866925
 38 -0.00858938 -0.00858938
 388 -0.00850753 -0.00850753
 662 0.00841255 -0.00841255
 540 -0.0082844 -0.0082844
 476 -0.008274 -0.008274
 731 0.00825685 -0.00825685
 552 0.00813504 -0.00813504
 252 0.00811789 -0.00811789
 443 0.00810224 -0.00810224
 976 0.00805182 -0.00805182
 65 0.00799316 -0.00799316
 783 0.00798728 -0.00798728
 789 -0.00796113 -0.00796113
 903 0.00784921 -0.00784921
 562 -0.00778455 -0.00778455
 368 0.00772533 -0.00772533
 548 -0.00767746 -0.00767746
 278 0.00763708 -0.00763708
 287 -0.00762242 -0.00762242
 87 0.00757632 -0.00757632
 581 -0.00749887 -0.00749887
 784 -0.00744356 -0.00744356
 667 -0.00743149 -0.00743149
 755 -0.00735594 -0.00735594
 374 -0.00729572 -0.00729572
 603 0.00723635 -0.00723635
 790 -0.00714595 -0.00714595
 653 -0.00708359 -0.00708359
 190 0.00707939 -0.00707939
 942 -0.00707324 -0.00707324
 375 0.007072 -0.007072
 566 -0.00702459 -0.00702459
 737 0.00698353 -0.00698353
 739 0.00696855 -0.00696855
 369 0.00696828 -0.00696828
 178 0.00689644 -0.00689644
 463 0.00673935 -0.00673935
 430 -0.00672224 -0.00672224
 228 0.0066871 -0.0066871
 122 0.00667675 -0.00667675
 265 0.00662978 -0.00662978
 205 0.00659049 -0.00659049
 646 -0.00642482 -0.00642482
 269 -0.00634779 -0.00634779
 613 0.00631907 -0.00631907
 657 -0.00630456 -0.00630456
 777 -0.00628157 -0.00628157
 682 0.00623253 -0.00623253
 303 -0.0062125 -0.0062125
 844 0.00611585 -0.00611585
 768 -0.00610791 -0.00610791
 735 -0.00604001 -0.00604001
 726 0.0060176 -0.0060176
 523 0.00596871 -0.00596871
 490 -0.00594494 -0.00594494
 586 0.00593577 -0.00593577
 673 0.00592728 -0.00592728
 373 -0.00589102 -0.00589102
 588 0.00586573 -0.00586573
 860 -0.00582184 -0.00582184
 146 -0.00581888 -0.00581888
 559 -0.0057447 -0.0057447
 938 0.00572046 -0.00572046
 414 -0.00570106 -0.00570106
 539 0.00569158 -0.00569158
 422 -0.00567244 -0.00567244
 701 -0.00566281 -0.00566281
 447 0.00564479 -0.00564479
 455 0.00561706 -0.00561706
 748 0.00560126 -0.00560126
 408 -0.00553986 -0.00553986
 530 -0.00552002 -0.00552002
 339 0.0054431 -0.0054431
 285 -0.00533816 -0.00533816
 313 -0.00528318 -0.00528318
 637 -0.0051667 -0.0051667
 663 0.00516537 -0.00516537
 752 0.00505886 -0.00505886
 880 -0.00505083 -0.00505083
 280 -0.00502205 -0.00502205
 935 0.00498473 -0.00498473
 629 0.00495569 -0.00495569
 515 0.0049554 -0.0049554
 283 -0.00494223 -0.00494223
 482 -0.00489888 -0.00489888
 365 0.00486673 -0.00486673
 702 -0.00471805 -0.00471805
 661 0.00457995 -0.00457995
 256 -0.00457642 -0.00457642
 618 -0.00456646 -0.00456646
 88 -0.00446141 -0.00446141
 325 -0.00446077 -0.00446077
 493 -0.00441479 -0.00441479
 271 -0.00424158 -0.00424158
 643 -0.00421498 -0.00421498
 160 -0.00420728 -0.00420728
 281 0.00415691 -0.00415691
 750 -0.00403992 -0.00403992
 20 -0.00403702 -0.00403702
 24 -0.00402997 -0.00402997
 684 -0.00401477 -0.00401477
 323 -0.00400219 -0.00400219
 342 0.00399179 -0.00399179
 27 0.00396996 -0.00396996
 288 0.00391618 -0.00391618
 675 -0.00389984 -0.00389984
 773 -0.003837 -0.003837
 771 -0.00383194 -0.00383194
 705 0.00382727 -0.00382727
 464 -0.00382453 -0.00382453
 965 0.00382208 -0.00382208
 276 -0.0038158 -0.0038158
 398 -0.0038065 -0.0038065
 497 0.00376972 -0.00376972
 184 0.00372979 -0.00372979
 270 0.0036842 -0.0036842
 282 0.00359579 -0.00359579
 835 -0.00347311 -0.00347311
 43 -0.00337486 -0.00337486
 395 0.00329858 -0.00329858
 390 0.00328876 -0.00328876
 306 -0.0032827 -0.0032827
 459 -0.00327771 -0.00327771
 584 0.00324247 -0.00324247
 670 -0.00321721 -0.00321721
 765 -0.00319592 -0.00319592
 26 0.00308518 -0.00308518
 532 0.00307699 -0.00307699
 341 0.00304205 -0.00304205
 879 -0.00302898 -0.00302898
 547 -0.0030255 -0.0030255
 293 0.00299105 -0.00299105
 310 0.00299021 -0.00299021
 538 0.00294013 -0.00294013
 268 -0.00291907 -0.00291907
 573 0.0029036 -0.0029036
 778 -0.00286944 -0.00286944
 19 -0.00286901 -0.00286901
 289 -0.00285714 -0.00285714
 286 0.00279858 -0.00279858
 272 0.00276793 -0.00276793
 307 0.00274531 -0.00274531
 526 0.00270288 -0.00270288
 328 -0.00267947 -0.00267947
 642 0.00260468 -0.00260468
 244 0.0025882 -0.0025882
 786 -0.00258809 -0.00258809
 788 0.00254874 -0.00254874
 343 0.00247291 -0.00247291
 654 -0.00246185 -0.00246185
 572 0.00245306 -0.00245306
 363 -0.00243329 -0.00243329
 202 0.00240762 -0.00240762
 264 0.00240578 -0.00240578
 410 0.00238661 -0.00238661
 133 0.002353 -0.002353
 123 0.00231669 -0.00231669
 460 0.00231558 -0.00231558
 297 -0.0022556 -0.0022556
 432 0.00223211 -0.00223211
 349 0.002228 -0.002228
 780 0.0022144 -0.0022144
 492 0.0022128 -0.0022128
 351 -0.00220795 -0.00220795
 206 -0.00216204 -0.00216204
 336 -0.00208431 -0.00208431
 576 -0.00204833 -0.00204833
 746 0.00200482 -0.00200482
 494 0.00196472 -0.00196472
 975 0.00196459 -0.00196459
 362 -0.00194113 -0.00194113
 279 -0.00193594 -0.00193594
 660 0.00192975 -0.00192975
 382 0.00190728 -0.00190728
 284 -0.00189868 -0.00189868
 461 -0.00189326 -0.00189326
 887 -0.0018833 -0.0018833
 499 -0.00188083 -0.00188083
 399 -0.00183547 -0.00183547
 292 -0.00183281 -0.00183281
 204 0.00181559 -0.00181559
 332 -0.0017867 -0.0017867
 300 -0.00170869 -0.00170869
 308 -0.00166079 -0.00166079
 377 -0.00164841 -0.00164841
 107 -0.00164334 -0.00164334
 426 0.00163802 -0.00163802
 296 -0.00162563 -0.00162563
 424 0.00159048 -0.00159048
 944 -0.00155154 -0.00155154
 101 0.00153881 -0.00153881
 389 0.00151618 -0.00151618
 384 0.0015119 -0.0015119
 985 0.00149397 -0.00149397
 429 -0.00149364 -0.00149364
 304 -0.00147894 -0.00147894
 376 -0.00147681 -0.00147681
 311 -0.00146925 -0.00146925
 658 -0.00142213 -0.00142213
 305 -0.00136168 -0.00136168
 381 0.00134766 -0.00134766
 393 0.00133829 -0.00133829
 166 -0.00133813 -0.00133813
 597 0.0012823 -0.0012823
 406 0.00126698 -0.00126698
 553 -0.00125366 -0.00125366
 582 0.00122801 -0.00122801
 417 -0.00121849 -0.00121849
 294 -0.00117108 -0.00117108
 458 0.00114323 -0.00114323
 396 0.00114249 -0.00114249
 324 -0.00112931 -0.00112931
 431 0.00112346 -0.00112346
 315 -0.00111777 -0.00111777
 407 0.00111116 -0.00111116
 309 -0.00110652 -0.00110652
 211 -0.00110554 -0.00110554
 378 0.00110179 -0.00110179
 401 -0.00109566 -0.00109566
 212 -0.00106227 -0.00106227
 418 0.00105623 -0.00105623
 445 0.00104497 -0.00104497
 174 -0.00104272 -0.00104272
 316 -0.00104026 -0.00104026
 478 -0.0010349 -0.0010349
 452 0.00101391 -0.00101391
 440 -0.000995117 -0.000995117
 290 0.000979062 -0.000979062
 312 -0.000962283 -0.000962283
 485 -0.000960401 -0.000960401
 397 0.000957693 -0.000957693
 314 -0.000946012 -0.000946012
 371 0.00094435 -0.00094435
 486 0.000944334 -0.000944334
 385 0.000915218 -0.000915218
 301 -0.000914749 -0.000914749
 451 -0.000914144 -0.000914144
 392 0.000910804 -0.000910804
 960 0.000902105 -0.000902105
 317 -0.000891813 -0.000891813
 326 -0.000848879 -0.000848879
 21 0.0008335 -0.0008335
 318 -0.000828057 -0.000828057
 893 0.000827615 -0.000827615
 519 -0.000824191 -0.000824191
 298 -0.000823523 -0.000823523
 29 -0.000820274 -0.000820274
 419 0.000816415 -0.000816415
 322 -0.000810759 -0.000810759
 680 -0.000776194 -0.000776194
 681 0.000760235 -0.000760235
 367 -0.000754128 -0.000754128
 321 -0.000750828 -0.000750828
 641 0.000740733 -0.000740733
 235 0.000726496 -0.000726496
 330 0.000725318 -0.000725318
 394 -0.00068139 -0.00068139
 640 -0.000656454 -0.000656454
 370 0.000654965 -0.000654965
 881 0.000649592 -0.000649592
 400 0.000646812 -0.000646812
 500 -0.000642227 -0.000642227
 462 0.000590087 -0.000590087
 687 0.000576336 -0.000576336
 415 -0.000575339 -0.000575339
 335 -0.000571786 -0.000571786
 338 0.000564015 -0.000564015
 46 -0.00056347 -0.00056347
 411 0.000563175 -0.000563175
 639 -0.00055756 -0.00055756
 467 0.000550335 -0.000550335
 712 -0.000548166 -0.000548166
 521 0.000547137 -0.000547137
 845 -0.00054119 -0.00054119
 444 -0.000504496 -0.000504496
 327 -0.000486033 -0.000486033
 441 0.000481025 -0.000481025
 672 -0.00047691 -0.00047691
 319 -0.000474389 -0.000474389
 442 0.000453662 -0.000453662
 387 0.000448802 -0.000448802
 697 -0.00044855 -0.00044855
 488 -0.000431478 -0.000431478
 302 -0.000429628 -0.000429628
 366 -0.000425111 -0.000425111
 627 -0.000402025 -0.000402025
 560 0.000396135 -0.000396135
 409 -0.000389316 -0.000389316
 425 -0.000359054 -0.000359054
 386 0.000357203 -0.000357203
 465 -0.000352239 -0.000352239
 331 0.000347063 -0.000347063
 333 0.000343504 -0.000343504
 457 0.000342681 -0.000342681
 352 0.000332083 -0.000332083
 403 -0.000330537 -0.000330537
 509 0.00032523 -0.00032523
 475 0.000320491 -0.000320491
 320 -0.000317388 -0.000317388
 434 0.000308193 -0.000308193
 402 -0.000307387 -0.000307387
 474 -0.000237273 -0.000237273
 436 0.000230442 -0.000230442
 437 0.000229461 -0.000229461
 353 -0.000224328 -0.000224328
 491 0.000212406 -0.000212406
 487 0.00020936 -0.00020936
 337 0.000208909 -0.000208909
 508 -0.000208459 -0.000208459
 420 -0.000204211 -0.000204211
 56 0.000194204 -0.000194204
 357 0.000193363 -0.000193363
 340 0.000176438 -0.000176438
 360 -0.000174217 -0.000174217
 439 0.00017111 -0.00017111
 438 0.000170242 -0.000170242
 512 -0.000170207 -0.000170207
 446 0.00016834 -0.00016834
 469 -0.000150105 -0.000150105
 449 0.000146154 -0.000146154
 404 -0.000146005 -0.000146005
 98 0.000145752 -0.000145752
 450 0.000140091 -0.000140091
 364 0.000138951 -0.000138951
 522 0.00013111 -0.00013111
 479 0.000130658 -0.000130658
 427 -0.000128965 -0.000128965
 516 0.000127755 -0.000127755
 405 -0.000124423 -0.000124423
 514 0.000119715 -0.000119715
 501 0.000110466 -0.000110466
 355 -0.000106561 -0.000106561
 481 -0.000103475 -0.000103475
 416 -0.000103277 -0.000103277
 448 0.000102747 -0.000102747
 495 -0.00010059 -0.00010059
 454 -9.99792e-05 -9.99792e-05
 517 9.99212e-05 -9.99212e-05
 520 9.97057e-05 -9.97057e-05
 502 9.84961e-05 -9.84961e-05
 453 8.76327e-05 -8.76327e-05
 624 8.36414e-05 -8.36414e-05
 505 8.07746e-05 -8.07746e-05
 361 7.99377e-05 -7.99377e-05
 473 7.81705e-05 -7.81705e-05
 358 7.62059e-05 -7.62059e-05
 513 -7.42774e-05 -7.42774e-05
 507 6.70578e-05 -6.70578e-05
 483 -6.17714e-05 -6.17714e-05
 484 -5.95481e-05 -5.95481e-05
 435 5.49792e-05 -5.49792e-05
 428 5.25895e-05 -5.25895e-05
 329 -5.18629e-05 -5.18629e-05
 472 -5.17732e-05 -5.17732e-05
 471 -5.00272e-05 -5.00272e-05
 525 -4.95689e-05 -4.95689e-05
 511 4.93962e-05 -4.93962e-05
 722 -4.55367e-05 -4.55367e-05
 470 -3.927e-05 -3.927e-05
 695 -3.89534e-05 -3.89534e-05
 504 3.78578e-05 -3.78578e-05
 334 -3.21996e-05 -3.21996e-05
 354 2.86519e-05 -2.86519e-05
 518 -2.8565e-05 -2.8565e-05
 480 2.79633e-05 -2.79633e-05
 630 -2.59538e-05 -2.59538e-05
 524 2.41681e-05 -2.41681e-05
 496 2.35369e-05 -2.35369e-05
 503 2.01716e-05 -2.01716e-05
 498 1.85309e-05 -1.85309e-05
 506 -1.73918e-05 -1.73918e-05
 468 -1.29593e-05 -1.29593e-05
 359 -1.26678e-05 -1.26678e-05
 412 -1.07665e-05 -1.07665e-05
 291 8.64699e-06 -8.64699e-06
 173 -6.7836e-06 -6.7836e-06
 356 6.63312e-06 -6.63312e-06
 299 -3.61923e-06 -3.61923e-06
 423 1.41839e-06 -1.41839e-06
 81 0 -0
 82 0 -0
 83 0 -0
 874 -0 -0
 346 0 -0
 611 0 -0
 345 0 -0
 344 0 -0
 873 -0 -0
 872 -0 -0
 610 0 -0
 609 0 -0
 608 0 -0
 85 0 -0
 348 0 -0
 84 0 -0
 347 0 -0
 870 -0 -0
 871 -0 -0
 607 0 -0
