      index  analytical        finite     % error 
                              difference 
 **      1    -0.0644923       0.15241       3.36318
 **      2     0.0303475      -1.53434       51.5572
 **      3     0.0216976     0.0187883      0.134076
 **      4     0.0318058     0.0318695    0.00200179
         5    -0.0249001    -0.0248905   0.000384933
         6    -0.0205823    -0.0205701   0.000594365
         7      0.026128     0.0261437   0.000603054
         8    -0.0222072    -0.0221872   0.000903401
         9     0.0280262     0.0280522   0.000927933
        10    -0.0482824    -0.0482501   0.000669269
 **     11     0.0342625     0.0343032    0.00118876
 **     12    -0.0428993    -0.0428496    0.00115908
 **     13    -0.0152977    -0.0152365    0.00400209
 **     14     0.0506367     0.0507114    0.00147397
 **     15    -0.0248047    -0.0247167    0.00354884
 **     16    -0.0273252    -0.0272201    0.00384694
 **     17     0.0278769     0.0280036    0.00454337
 **     18     0.0229111     0.0230674    0.00682078
 **     19   -0.00286901   -0.00264973     0.0764037
 **     20   -0.00403702   -0.00366556     0.0919911
 **     21     0.0008335    0.00148157        0.7766
 **     22    -0.0182199    -0.0170815     0.0624767
 **     23     0.0558485     0.0586428     0.0500334
 **     24   -0.00402997   -0.00265833      0.340275
 **     25      0.114001      0.121505     0.0658212
 **     26    0.00308518    0.00758189       1.45704
 **     27    0.00396996     0.0047382      0.193465
 **     28      0.102326      0.113236      0.106615
 **     29  -0.000820274   0.000911296       2.10839
 **     30      0.017801     0.0190878     0.0722867
 **     31     -0.042003    -0.0303575      0.277247
 **     32      0.218902       0.21991    0.00460493
 **     33    -0.0355182    -0.0286276      0.193996
 **     34    -0.0351711    -0.0347249     0.0126845
 **     35     0.0110049     0.0232321       1.11097
 **     36    -0.0104097    -0.0102063     0.0195359
 **     37    -0.0368399    -0.0340586     0.0754951
 **     38   -0.00858938     0.0146251       2.70238
 **     39    -0.0245352    -0.0241432     0.0159778
 **     40    -0.0794432      -0.07882    0.00784443
 **     41    -0.0316368     -0.030601      0.032738
 **     42    -0.0823306    -0.0451415        0.4517
 **     43   -0.00337486   -0.00311556     0.0768103
 **     44     0.0209947     0.0214221     0.0203541
 **     45    -0.0425121   2.35536e-06       1.00003
 **     46   -0.00056347     0.0152972       28.0983
 **     47      0.031892      0.032345     0.0142047
 **     48    -0.0410912    0.00412583       1.10038
 **     49    -0.0519041     -0.039366      0.241557
 **     50    -0.0913873    -0.0908365    0.00602637
 **     51    -0.0847688    -0.0366338      0.567831
 **     52     -0.116016    -0.0656555      0.434078
 **     53     -0.104113    -0.0830065      0.202726
 **     54    -0.0680208    -0.0349065      0.486819
 **     55    -0.0277421   -0.00917019      0.669425
 **     56   0.000194204     0.0337964       172.139
 **     57     -0.306777     -0.578731      0.886485
 **     58      -0.02874    -0.0241139      0.160957
 **     59    -0.0474692    -0.0180936      0.618822
 **     60    -0.0630408    -0.0625847    0.00723604
 **     61    -0.0155413     0.0293867        2.8907
 **     62    -0.0156821    -0.0154807      0.012843
 **     63     0.0138441     0.0713348       4.15243
 **     64     0.0309079     0.0771328       1.49552
 **     65    0.00799316    0.00821847     0.0281852
 **     66    -0.0129159     0.0556587       5.30889
 **     67     0.0466475     0.0662435      0.420078
 **     68      0.342036      0.326895     0.0442658
 **     69    -0.0468987    -0.0408618       0.12872
 **     70     0.0454628     0.0751059      0.652014
 **     71     0.0346875     0.0405163      0.168031
 **     72      0.647285      0.683017     0.0552026
 **     73    -0.0228102    -0.0224864      0.014196
 **     74       0.11891      0.149096      0.253855
 **     75     0.0615091     0.0846292      0.375875
 **     76     0.0595306     0.0621054     0.0432511
 **     77   -0.00953916   -0.00846746      0.112336
 **     78     -0.121839     -0.113176     0.0710982
 **     79    -0.0763011    -0.0746491     0.0216506
 **     80     0.0218675     0.0220049    0.00627985
        81             0             0             0
        82             0             0             0
        83             0             0             0
        84             0             0             0
        85             0             0             0
 **     86    -0.0243632    -0.0244927    0.00531316
        87    0.00757632     0.0075756   9.38492e-05
 **     88   -0.00446141    -0.0310679       5.96236
 **     89      0.185427     0.0699651      0.622677
 **     90     0.0743501    -0.0204495       1.27503
 **     91      0.065542     0.0845282      0.289676
 **     92     0.0958209      0.195591        1.0412
 **     93     0.0128656     0.0068583      0.466892
 **     94     0.0359892     0.0363784     0.0108155
 **     95     0.0488443     0.0549379      0.124755
 **     96     0.0411007     0.0566019      0.377142
 **     97    -0.0708393     -0.110813      0.564273
 **     98   0.000145752   -0.00192903        14.138
 **     99    -0.0331291     -0.034191     0.0320506
 **    100    -0.0596511    -0.0598517    0.00336348
 **    101    0.00153881    0.00154842    0.00623586
 **    102     0.0593502     0.0587306     0.0104402
 **    103    -0.0211584    -0.0217183     0.0264603
 **    104    -0.0196796    -0.0202626     0.0296206
 **    105      0.110473      0.110144    0.00297741
 **    106      0.111045      0.110709    0.00303016
 **    107   -0.00164334   -0.00326128      0.983949
 **    108     0.0175011     0.0116881      0.332132
       109      0.199529      0.199401   0.000639487
 **    110     -0.101466     -0.101853    0.00381869
       111    -0.0981677    -0.0981623   5.47238e-05
 **    112      0.102808      0.101799     0.0098092
       113    -0.0199605    -0.0199572   0.000166924
 **    114    -0.0441839    -0.0487576      0.103511
 **    115     0.0116921     0.0100239      0.142663
       116      0.326015      0.326041   7.89727e-05
 **    117      0.195393      0.188134     0.0371544
 **    118     0.0343931     0.0332139     0.0342858
 **    119      0.067499      0.038989       0.42237
 **    120     -0.264153     -0.264579    0.00161243
 **    121     0.0163472     0.0154469     0.0550733
 **    122    0.00667675    0.00623574     0.0660422
 **    123    0.00231669    -0.0240553       11.3786
 **    124      0.025506     0.0255591    0.00208458
 **    125     -0.156478     -0.207024      0.323015
 **    126     0.0144183    -0.0286919       2.98975
 **    127     0.0495818     0.0485263     0.0212866
       128      0.134035      0.134019   0.000118272
 **    129     0.0163104    0.00602713      0.630435
 **    130     0.0238418     0.0210673      0.116366
 **    131    -0.0256092    -0.0267202     0.0433802
 **    132     0.0372615     0.0360656     0.0320941
 **    133      0.002353    -0.0108132       5.59313
 **    134     0.0356199     0.0334297     0.0614839
 **    135     -0.055543    -0.0564435     0.0162115
 **    136    -0.0173277    -0.0219546      0.267012
 **    137    0.00984113   -0.00782975       1.79543
 **    138    -0.0262576    -0.0288501       0.09873
 **    139     0.0110253    0.00187405      0.829946
 **    140    -0.0176945    -0.0457469       1.58529
 **    141   -0.00899856     -0.032643       2.62729
 **    142    -0.0522212     -0.107752       1.06336
 **    143     0.0454185     0.0435992     0.0400542
 **    144    0.00929802    0.00689039      0.258912
 **    145    -0.0792049    -0.0804534     0.0157628
 **    146   -0.00581888    -0.0121556       1.08881
 **    147    -0.0187969    -0.0234387      0.246929
 **    148    -0.0391826    -0.0934433       1.38478
 **    149    -0.0170856    -0.0583086       2.41259
 **    150     -0.188384     -0.196046     0.0406758
 **    151     -0.191759     -0.267757      0.396315
 **    152    -0.0102739    -0.0490588       3.77473
 **    153     -0.114083     -0.155062      0.359196
 **    154    -0.0356164    -0.0398302       0.11831
 **    155     0.0132065     -0.020825       2.57668
 **    156     0.0579604     0.0260009      0.551393
 **    157    0.00960526     0.0184348      0.919142
 **    158        0.1108     0.0583569      0.473309
 **    159    -0.0161099     -0.098406       5.10809
 **    160   -0.00420728     -0.067658       15.0776
 **    161     0.0241297     0.0223333     0.0744475
 **    162     0.0237609     0.0095908      0.596337
 **    163      0.434912       0.38876      0.106117
 **    164      0.296619      0.265059      0.106398
 **    165     0.0140193    0.00193385      0.861997
 **    166   -0.00133813    -0.0156472       10.6854
 **    167    -0.0790135    -0.0948817      0.200826
 **    168     0.0355992     0.0310384      0.128111
 **    169     0.0412196     0.0361305      0.123462
 **    170     -0.337187     -0.352163     0.0444155
 **    171       0.02516     0.0063555      0.747367
 **    172    -0.0326736      -0.05479       0.67687
 **    173   -6.7836e-06    -0.0382045       4907.46
 **    174   -0.00104272    -0.0444509       41.5899
 **    175    -0.0641083     -0.100781      0.572033
 **    176     0.0113697    0.00520458      0.542193
 **    177     -0.021168    -0.0261648      0.236046
 **    178    0.00689644     -0.016965       3.45946
 **    179     0.0256416     0.0190084      0.258677
 **    180     0.0754278     0.0163813      0.782812
 **    181     -0.056788     -0.111147      0.957202
 **    182    -0.0841924     -0.111449      0.323736
 **    183    -0.0590707    -0.0863851      0.462394
 **    184    0.00372979     -0.072025       20.3053
 **    185     0.0228866      0.103248       3.51113
 **    186     -0.110384     -0.113089     0.0244994
 **    187    -0.0728912    0.00986347        1.1353
 **    188    -0.0304549    -0.0858948       1.82033
 **    189     0.0138444    -0.0482821       4.48717
 **    190    0.00707939     0.0198511       1.80382
 **    191     -0.142466     -0.181091      0.271121
 **    192      0.149585     0.0670751      0.551588
 **    193      0.203903      0.135273       0.33658
 **    194    -0.0118258    -0.0331401       1.80221
 **    195     0.0392744     0.0186009      0.526373
 **    196      0.340483       0.29206      0.142219
 **    197      0.439739      0.470473     0.0698914
 **    198     -0.011119    -0.0136925      0.231432
 **    199     0.0249914     0.0058194      0.767113
 **    200     0.0798059     0.0642836      0.194498
 **    201    -0.0557722    -0.0759618      0.361995
 **    202    0.00240762   -0.00577327       3.39651
 **    203      0.347561      0.333041     0.0417766
 **    204    0.00181559    0.00446368       1.45773
 **    205    0.00659049   -0.00360475       1.54673
 **    206   -0.00216204    -0.0148211       5.85244
 **    207    -0.0523864    -0.0896227      0.710788
 **    208    -0.0754502    -0.0814904      0.080055
 **    209    -0.0117211     0.0182133       2.55367
 **    210     0.0324465     0.0634245       0.95471
 **    211   -0.00110554    -0.0328998       28.7329
 **    212   -0.00106227    -0.0377387        34.494
 **    213      -0.20834     -0.268004      0.286375
 **    214     -0.235204     -0.278978      0.186108
 **    215     -0.103642      -0.13115      0.265408
 **    216    -0.0629233    -0.0177796      0.717429
 **    217    -0.0653625    -0.0320227      0.510067
 **    218     0.0382679      0.118493       2.09635
 **    219     -0.117963    -0.0572344      0.514805
 **    220     -0.078898    0.00794965       1.10074
 **    221    -0.0841689   0.000244687        1.0029
 **    222    -0.0250676    -0.0920243       2.67094
 **    223     0.0210657     0.0668091       2.17135
 **    224     -0.144581     -0.172144      0.190636
 **    225    -0.0260532     0.0368371       2.41382
 **    226     -0.276468     -0.344689      0.246758
 **    227    -0.0740493    -0.0876591      0.183791
 **    228     0.0066871     -0.037572       6.61759
 **    229      0.444407      0.400572     0.0986375
 **    230      0.342118      0.373415     0.0914822
 **    231     0.0310247     0.0293997      0.052377
 **    232    -0.0478489    -0.0535127      0.118366
 **    233     0.0237176     0.0159703      0.326635
 **    234     0.0655959     0.0456708       0.30375
 **    235   0.000726496   -0.00696565       10.5735
 **    236    -0.0287531    -0.0378206      0.315344
 **    237    -0.0189903     -0.015699      0.173304
 **    238     0.0608521     0.0826533      0.358261
 **    239    -0.0220662     0.0047919       1.21711
 **    240    -0.0112295     -0.031581       1.81215
 **    241    -0.0797155    -0.0512627      0.356924
 **    242    -0.0116223     0.0266581       3.29343
 **    243    -0.0416054   -0.00114128      0.972546
 **    244     0.0025882     0.0430427       15.6243
 **    245    -0.0209561    -0.0617871       1.94831
 **    246    -0.0279055    -0.0833424       1.98652
 **    247      0.179538      0.136054        0.2422
 **    248    -0.0844677    -0.0700282      0.170945
 **    249    -0.0536765    -0.0085025      0.841582
 **    250    -0.0703236    -0.0173144      0.753778
 **    251    0.00989501     0.0687948       5.95187
 **    252    0.00811789     0.0687428       7.46714
 **    253    -0.0467141     0.0193538       1.41427
 **    254    -0.0802681    0.00749289       1.09333
 **    255    -0.0511542     0.0110543       1.21607
 **    256   -0.00457642     0.0513547       12.2189
 **    257     -0.125874     -0.125458    0.00330566
 **    258    -0.0172223      0.047188       3.73973
 **    259    -0.0925374    -0.0210012      0.773043
 **    260      0.130056      0.116413      0.104905
 **    261     0.0168464     0.0242518      0.439558
 **    262      0.386818       0.36973     0.0441759
 **    263      0.455276      0.488016     0.0719119
